\nextgroupplot[ymin=25, ymax=100,
  legend to name=globalLegend,
  legend style={legend columns=7, font=\tiny,
    /tikz/every even column/.append style={column sep=0.3em}}]
\addplot[black,thick,dashed] coordinates {
  (1,78.74) (2,90.09) (3,90.81) (4,92.43) (5,94.41) (6,90.09) (7,93.51) (8,94.41) (9,90.81) (10,93.87)
  (11,87.93) (12,92.25) (13,93.33) (14,91.35) (15,90.99) (16,91.17) (17,87.03) (18,88.83) (19,92.79) (20,91.89)
  (21,90.99) (22,90.99) (23,90.99) (24,90.81) (25,90.81) (26,90.45) (27,90.09) (28,89.91) (29,89.91) (30,90.09)
  (31,90.09) (32,90.09) (33,90.27) (34,90.27) (35,90.45) (36,90.45) (37,90.45) (38,90.45) (39,90.45) (40,90.45)
  (41,90.63) (42,90.45) (43,90.63) (44,90.63) (45,90.63) (46,90.63) (47,90.45) (48,90.45) (49,90.63) (50,90.45)};
\addlegendentry{Central}

\addplot[clBlue] coordinates {
  (1,85.11) (2,86.29) (3,87.6) (4,86.79) (5,86.07) (6,86.49) (7,87.14) (8,86.72) (9,86.17) (10,87.36)
  (11,87.34) (12,87.2) (13,86.74) (14,87.4) (15,87.37) (16,86.7) (17,86.97) (18,86.68) (19,86.0) (20,86.46)
  (21,86.57) (22,85.27) (23,86.84) (24,87.24) (25,86.83) (26,86.66) (27,86.05) (28,54.03) (29,47.8) (30,53.1)
  (31,54.2) (32,62.86) (33,64.31) (34,64.39) (35,64.3) (36,67.48) (37,70.41) (38,71.91) (39,72.49) (40,74.41)
  (41,75.65) (42,77.5) (43,78.74) (44,79.59) (45,79.43) (46,80.17) (47,82.59) (48,83.41) (49,83.97) (50,85.23)};
\addlegendentry{FedMD}

\addplot[clTeal] coordinates {
  (1,42.95) (2,43.3) (3,51.43) (4,51.81) (5,57.49) (6,60.82) (7,61.27) (8,66.2) (9,71.59) (10,70.1)
  (11,75.23) (12,75.68) (13,75.39) (14,78.27) (15,76.5) (16,79.77) (17,82.21) (18,82.97) (19,85.02) (20,87.49)
  (21,88.5) (22,87.57) (23,87.8) (24,88.33) (25,87.72) (26,88.19) (27,88.38) (28,87.91) (29,88.79) (30,88.76)
  (31,88.5) (32,88.09) (33,88.97) (34,88.42) (35,88.84) (36,88.63) (37,87.81) (38,88.22) (39,87.77) (40,87.77)
  (41,87.5) (42,87.58) (43,87.66) (44,87.21) (45,87.18) (46,87.73) (47,86.83) (48,86.95) (49,87.68) (50,87.65)};
\addlegendentry{FedAKD}

\addplot[clRed,thick] coordinates {
  (1,39.07) (2,36.81) (3,40.43) (4,46.89) (5,46.59) (6,54.94) (7,59.73) (8,55.69) (9,57.44) (10,56.99)
  (11,52.41) (12,56.34) (13,58.56) (14,61.84) (15,66.7) (16,68.9) (17,69.99) (18,70.37) (19,69.06) (20,74.77)
  (21,81.37) (22,84.59) (23,86.98) (24,87.97) (25,88.97) (26,90.58) (27,88.74) (28,87.55) (29,88.94) (30,88.96)
  (31,89.34) (32,90.46) (33,90.25) (34,89.89) (35,89.58) (36,90.21) (37,89.82) (38,90.23) (39,90.45) (40,90.38)
  (41,89.84) (42,90.5) (43,89.86) (44,90.32) (45,89.61) (46,90.06) (47,90.02) (48,90.58) (49,90.33) (50,90.25)};
\addlegendentry{FedMKS}

\addplot[clPurple] coordinates {
  (1,44.02) (2,33.46) (3,31.81) (4,30.35) (5,55.06) (6,55.43) (7,52.81) (8,55.73) (9,60.79) (10,63.02)
  (11,67.39) (12,69.2) (13,69.03) (14,71.33) (15,71.46) (16,72.1) (17,74.11) (18,72.88) (19,74.19) (20,72.12)
  (21,73.46) (22,82.06) (23,84.29) (24,88.99) (25,89.88) (26,89.28) (27,89.56) (28,90.16) (29,89.53) (30,89.85)
  (31,88.73) (32,89.94) (33,88.85) (34,90.59) (35,89.39) (36,89.33) (37,89.98) (38,91.14) (39,89.9) (40,90.4)
  (41,90.17) (42,91.16) (43,90.9) (44,91.08) (45,90.55) (46,91.01) (47,90.34) (48,90.26) (49,90.56) (50,89.89)};
\addlegendentry{FedAvg}

\addplot[clOlive] coordinates {
  (1,42.86) (2,32.61) (3,32.61) (4,32.61) (5,32.61) (6,32.61) (7,32.61) (8,48.79) (9,29.18) (10,52.95)
  (11,54.55) (12,61.05) (13,67.07) (14,65.78) (15,70.48) (16,69.68) (17,73.08) (18,71.27) (19,73.57) (20,75.9)
  (21,82.97) (22,85.97) (23,86.09) (24,87.71) (25,85.54) (26,86.63) (27,85.07) (28,86.94) (29,87.32) (30,87.05)
  (31,88.25) (32,87.0) (33,87.8) (34,88.64) (35,88.18) (36,87.17) (37,89.5) (38,88.23) (39,88.16) (40,89.0)
  (41,89.79) (42,87.02) (43,89.44) (44,87.18) (45,88.47) (46,88.54) (47,88.01) (48,88.61) (49,89.11) (50,88.56)};
\addlegendentry{FedProx}

\addplot[clGray,dotted] coordinates {
  (1,38.24) (2,51.69) (3,58.77) (4,59.12) (5,70.05) (6,69.37) (7,76.7) (8,77.34) (9,76.37) (10,77.68)
  (11,79.75) (12,80.59) (13,78.62) (14,79.56) (15,78.77) (16,79.66) (17,80.77) (18,79.69) (19,81.18) (20,81.13)
  (21,80.77) (22,81.6) (23,81.15) (24,80.59) (25,82.91) (26,80.58) (27,83.94) (28,83.51) (29,82.23) (30,82.44)
  (31,82.5) (32,82.43) (33,81.52) (34,82.29) (35,82.3) (36,81.95) (37,82.51) (38,83.72) (39,82.34) (40,83.61)
  (41,83.04) (42,82.91) (43,82.58) (44,82.89) (45,82.77) (46,81.71) (47,82.89) (48,83.44) (49,83.63) (50,82.53)};
\addlegendentry{Local}


\nextgroupplot[ymin=25, ymax=100]
\addplot[black,thick,dashed] coordinates {
  (1,82.7) (2,91.89) (3,90.09) (4,91.17) (5,94.23) (6,92.79) (7,94.05) (8,89.91) (9,90.63) (10,92.61)
  (11,89.01) (12,92.61) (13,93.33) (14,86.67) (15,82.16) (16,85.23) (17,88.47) (18,90.45) (19,92.79) (20,90.99)
  (21,91.53) (22,90.99) (23,92.07) (24,90.99) (25,90.09) (26,93.51) (27,88.83) (28,90.81) (29,90.45) (30,89.37)
  (31,90.09) (32,89.37) (33,90.63) (34,87.57) (35,91.89) (36,92.43) (37,92.25) (38,92.25) (39,92.25) (40,92.25)
  (41,92.25) (42,92.25) (43,92.43) (44,92.25) (45,92.07) (46,92.25) (47,92.25) (48,92.25) (49,92.43) (50,92.43)};

\addplot[clBlue] coordinates {
  (1,34.68) (2,33.14) (3,33.13) (4,35.44) (5,33.7) (6,36.35) (7,36.79) (8,35.42) (9,38.57) (10,38.7)
  (11,41.49) (12,42.82) (13,43.68) (14,45.52) (15,46.86) (16,46.85) (17,46.77) (18,48.68) (19,48.85) (20,50.61)
  (21,51.74) (22,52.41) (23,52.29) (24,54.72) (25,55.47) (26,56.11) (27,57.5) (28,57.61) (29,58.67) (30,58.4)
  (31,59.14) (32,59.95) (33,60.22) (34,61.37) (35,61.77) (36,62.77) (37,63.16) (38,62.61) (39,63.28) (40,62.86)
  (41,62.99) (42,62.94) (43,63.27) (44,62.68) (45,63.04) (46,63.5) (47,63.23) (48,62.95) (49,62.7) (50,63.44)};

\addplot[clTeal] coordinates {
  (1,33.32) (2,33.25) (3,33.23) (4,34.0) (5,34.32) (6,35.34) (7,36.96) (8,37.08) (9,37.68) (10,39.5)
  (11,42.26) (12,44.5) (13,47.02) (14,46.57) (15,48.16) (16,49.1)};

\addplot[clRed,thick] coordinates {
  (1,34.9) (2,33.37) (3,33.26) (4,33.26) (5,33.26) (6,35.19) (7,37.25) (8,37.39) (9,37.64) (10,37.41)
  (11,38.55) (12,37.87) (13,42.94) (14,41.52) (15,44.24) (16,45.94) (17,45.52) (18,45.43) (19,48.51) (20,50.32)};

\addplot[clPurple] coordinates {
  (1,34.2) (2,33.15) (3,33.15) (4,33.26) (5,33.26) (6,33.15) (7,33.26) (8,33.37) (9,33.26) (10,33.26)
  (11,33.26) (12,33.26) (13,33.34) (14,33.26) (15,34.03) (16,33.88) (17,33.26) (18,33.37) (19,33.26) (20,34.03)
  (21,33.47) (22,33.26) (23,33.22) (24,34.03) (25,33.26) (26,34.04) (27,33.26) (28,33.85) (29,33.26) (30,34.03)
  (31,33.26) (32,33.26) (33,33.26) (34,34.03) (35,33.26) (36,33.26) (37,33.26) (38,33.26) (39,33.36) (40,33.26)
  (41,33.34) (42,33.26) (43,33.26) (44,33.26) (45,33.29) (46,33.26) (47,33.41) (48,33.3) (49,33.59) (50,35.54)};

\addplot[clOlive] coordinates {
  (1,34.92) (2,33.26) (3,33.26) (4,33.26) (5,33.05) (6,33.37) (7,33.15) (8,33.37) (9,33.37) (10,33.64)
  (11,33.37) (12,33.26) (13,33.26) (14,33.26) (15,33.37) (16,33.9) (17,34.06) (18,33.26) (19,33.05) (20,33.26)
  (21,33.15) (22,33.37) (23,33.15) (24,33.26) (25,33.37) (26,33.05) (27,33.37) (28,33.37) (29,33.37) (30,32.91)
  (31,33.15) (32,34.05) (33,34.14) (34,33.15) (35,33.26) (36,33.22) (37,33.26) (38,34.03) (39,32.89) (40,33.37)
  (41,33.2) (42,33.26) (43,33.26) (44,34.01) (45,34.5) (46,33.37) (47,33.03) (48,33.89) (49,33.9) (50,33.26)};

\addplot[clGray,dotted] coordinates {
  (1,59.73) (2,58.0) (3,59.82) (4,59.11) (5,60.68) (6,60.5) (7,59.79) (8,60.85) (9,58.88) (10,59.9)
  (11,61.63) (12,61.06) (13,60.54) (14,60.85) (15,61.6) (16,61.46) (17,62.38) (18,61.55) (19,61.78) (20,61.62)
  (21,62.23) (22,61.91) (23,60.18) (24,61.49) (25,60.67) (26,61.59) (27,61.2) (28,61.32) (29,61.69) (30,61.57)
  (31,61.36) (32,61.73) (33,61.48) (34,39.36) (35,37.59) (36,39.84) (37,41.15) (38,44.85) (39,42.07) (40,45.62)
  (41,50.41) (42,50.26) (43,53.03) (44,54.45) (45,55.34) (46,54.29) (47,54.85) (48,57.51) (49,58.32) (50,59.59)};


\nextgroupplot[ymin=14, ymax=38]
\addplot[black,thick,dashed] coordinates {
  (1,30.91) (2,30.91) (3,30.91) (4,30.91) (5,30.91) (6,30.91) (7,30.91) (8,30.91) (9,30.91) (10,30.91)
  (11,30.91) (12,30.91) (13,30.91) (14,30.91) (15,30.91) (16,30.91) (17,30.91) (18,30.91) (19,30.91) (20,30.91)
  (21,30.91) (22,30.91) (23,30.91) (24,30.91) (25,30.91) (26,30.91) (27,30.91) (28,30.91) (29,30.91) (30,30.91)
  (31,30.91) (32,30.91) (33,30.91) (34,30.91) (35,30.91) (36,30.91) (37,30.91) (38,30.91) (39,30.91) (40,30.91)
  (41,30.91) (42,30.91) (43,30.91) (44,30.91) (45,30.91) (46,30.91) (47,30.91) (48,30.91) (49,30.91) (50,30.91)};

\addplot[clBlue] coordinates {
  (1,30.62) (2,29.96) (3,30.8) (4,30.78) (5,30.82) (6,30.84) (7,30.87) (8,30.53) (9,30.49) (10,30.65)
  (11,30.84) (12,30.84) (13,30.82) (14,30.35) (15,30.84) (16,30.55) (17,30.75) (18,30.35) (19,30.36) (20,30.8)
  (21,20.33) (22,26.15) (23,20.29) (24,21.91) (25,28.85) (26,29.62) (27,29.11) (28,30.22) (29,30.15) (30,28.93)
  (31,29.73) (32,30.64) (33,30.36) (34,30.18) (35,30.58) (36,30.87) (37,30.64) (38,30.84) (39,30.82) (40,30.67)
  (41,30.69) (42,30.76) (43,30.73) (44,30.42) (45,30.53) (46,30.04) (47,30.51) (48,30.4) (49,30.64) (50,30.78)};

\addplot[clTeal] coordinates {
  (1,30.05) (2,29.62) (3,28.18) (4,30.0) (5,30.33) (6,30.69) (7,30.49) (8,30.58) (9,30.51) (10,29.78)
  (11,30.82) (12,30.71) (13,30.75) (14,30.85) (15,30.8) (16,30.73) (17,30.84) (18,30.62) (19,30.78) (20,30.62)
  (21,30.67) (22,30.6) (23,30.73) (24,30.4) (25,30.84) (26,30.85) (27,30.65) (28,30.67) (29,30.69) (30,30.62)
  (31,30.78) (32,30.73) (33,30.8) (34,30.85) (35,30.82) (36,30.84) (37,30.38) (38,30.62) (39,30.6) (40,30.82)
  (41,30.82) (42,30.64) (43,30.75) (44,30.58) (45,21.38) (46,19.42) (47,24.62) (48,23.35) (49,28.96) (50,26.95)};

\addplot[clRed,thick] coordinates {
  (1,29.6) (2,28.76) (3,30.18) (4,30.31) (5,29.8) (6,29.84) (7,29.76) (8,30.55) (9,30.36) (10,30.64)
  (11,30.76) (12,30.73) (13,30.22) (14,30.64) (15,30.91) (16,30.8) (17,30.85) (18,30.4) (19,30.78) (20,30.38)
  (21,30.78) (22,30.85) (23,30.75) (24,30.89) (25,30.85) (26,30.91) (27,30.78) (28,30.89) (29,30.69) (30,30.8)
  (31,30.84) (32,30.91) (33,30.69) (34,30.44) (35,30.84) (36,30.85) (37,30.84) (38,30.87) (39,30.89) (40,30.84)
  (41,30.71) (42,30.84) (43,30.87) (44,30.69) (45,30.64) (46,30.84) (47,30.87) (48,30.89) (49,23.25) (50,27.95)};

\addplot[clPurple] coordinates {
  (1,30.91) (2,30.91) (3,30.91) (4,30.91) (5,30.91) (6,28.96) (7,28.78) (8,30.75) (9,30.75) (10,29.73)
  (11,30.6) (12,30.13) (13,30.65) (14,30.55) (15,30.42) (16,29.55) (17,30.58) (18,30.73) (19,30.67) (20,30.65)
  (21,30.55) (22,30.65) (23,30.85) (24,30.73) (25,30.78) (26,30.85) (27,30.87) (28,30.84) (29,30.45) (30,30.42)
  (31,30.85) (32,30.51) (33,30.8) (34,30.84) (35,30.78) (36,29.55) (37,30.87) (38,30.71) (39,30.85) (40,30.84)
  (41,30.84) (42,30.82) (43,30.18) (44,30.87) (45,30.89) (46,30.85) (47,30.71) (48,30.82) (49,30.8) (50,30.87)};

\addplot[clOlive] coordinates {
  (1,30.67) (2,24.73) (3,23.18) (4,23.18) (5,26.0) (6,25.35) (7,28.6) (8,29.11) (9,27.93) (10,30.18)
  (11,29.76) (12,28.51) (13,29.89) (14,29.8) (15,30.51) (16,30.71) (17,30.62) (18,29.64) (19,30.6) (20,29.8)
  (21,30.65) (22,30.36) (23,30.71) (24,30.76) (25,30.6) (26,30.53) (27,30.4) (28,30.4) (29,30.75) (30,30.35)
  (31,30.82) (32,30.27) (33,30.84) (34,30.25) (35,30.84) (36,30.55) (37,30.16) (38,30.82) (39,30.76) (40,30.78)
  (41,30.56) (42,30.49) (43,30.84) (44,30.45) (45,30.82) (46,30.67) (47,30.75) (48,30.73) (49,30.56) (50,30.78)};

\addplot[clGray,dotted] coordinates {
  (1,21.73) (2,23.98) (3,26.22) (4,24.64) (5,25.87) (6,28.36) (7,28.04) (8,27.36) (9,28.16) (10,29.44)
  (11,26.67) (12,28.27) (13,27.33) (14,27.76) (15,29.38) (16,28.75) (17,29.62) (18,29.51) (19,28.0) (20,28.35)
  (21,29.49) (22,28.24) (23,27.87) (24,29.04) (25,29.69) (26,29.24) (27,29.85) (28,27.36) (29,28.91) (30,29.24)
  (31,29.58) (32,28.56) (33,29.53) (34,29.18) (35,27.55) (36,29.11) (37,29.65) (38,28.76) (39,29.98) (40,30.02)
  (41,29.51) (42,29.98) (43,30.11) (44,29.89) (45,28.42) (46,29.07) (47,29.69) (48,28.35) (49,29.82) (50,30.07)};


\nextgroupplot[ymin=5, ymax=36]
\addplot[black,thick,dashed] coordinates {
  (1,30.18) (2,30.91) (3,23.64) (4,30.91) (5,30.91) (6,30.91) (7,30.91) (8,30.91) (9,22.55) (10,30.91)
  (11,30.55) (12,30.18) (13,28.0) (14,30.91) (15,30.91) (16,28.73) (17,29.45) (18,30.18) (19,29.82) (20,28.0)
  (21,28.73) (22,30.91) (23,28.36) (24,30.55) (25,27.64) (26,27.27) (27,30.55) (28,30.18) (29,30.55) (30,23.27)
  (31,29.82) (32,30.55) (33,30.91) (34,30.55) (35,30.91) (36,30.18) (37,29.45) (38,25.45) (39,30.55) (40,30.55)
  (41,30.55) (42,30.55) (43,30.55) (44,30.55) (45,30.55) (46,30.55) (47,30.55) (48,30.55) (49,30.55) (50,30.55)};

\addplot[clBlue] coordinates {
  (1,10.11) (2,7.73) (3,10.76) (4,10.82) (5,11.49) (6,12.36) (7,12.36) (8,13.91) (9,13.91) (10,15.04)
  (11,13.93) (12,14.04) (13,17.09) (14,16.98) (15,18.8) (16,19.16) (17,20.35) (18,19.65) (19,20.4) (20,19.73)
  (21,19.71) (22,19.98) (23,20.67) (24,22.8) (25,21.18) (26,20.6) (27,21.85) (28,22.36) (29,22.73) (30,22.56)
  (31,21.73) (32,22.56) (33,22.44) (34,22.84) (35,21.91) (36,22.16) (37,22.85) (38,22.95) (39,23.02) (40,22.62)
  (41,22.47) (42,22.89) (43,22.6) (44,22.76) (45,22.64) (46,21.8) (47,22.85) (48,22.75) (49,23.09) (50,22.78)};

\addplot[clTeal] coordinates {
  (1,8.05) (2,4.4) (3,6.18) (4,7.67) (5,9.13) (6,9.25) (7,10.82) (8,12.36) (9,12.33) (10,12.33)
  (11,12.31) (12,14.24) (13,14.07) (14,14.42) (15,14.44) (16,14.49) (17,14.87) (18,14.89) (19,14.96) (20,16.55)
  (21,16.55) (22,16.25) (23,16.96) (24,16.69) (25,17.84) (26,20.05) (27,17.49) (28,19.98) (29,20.67) (30,22.05)
  (31,21.6) (32,18.51) (33,19.31) (34,19.6) (35,19.05) (36,18.55) (37,19.91) (38,20.84) (39,20.05) (40,20.89)
  (41,21.6) (42,21.15) (43,20.96) (44,21.64) (45,22.02) (46,21.87) (47,21.55) (48,21.38) (49,21.93) (50,21.55)};

\addplot[clRed,thick] coordinates {
  (1,10.71) (2,4.64) (3,6.18) (4,7.73) (5,7.73) (6,7.73) (7,6.2) (8,7.02) (9,7.42) (10,8.02)
  (11,7.27) (12,9.24) (13,9.27) (14,9.24) (15,9.27) (16,9.27) (17,9.27) (18,9.29) (19,10.53) (20,10.82)
  (21,10.8) (22,11.05) (23,11.49) (24,11.53) (25,13.4) (26,15.82) (27,16.13) (28,16.36) (29,16.55) (30,17.62)
  (31,17.29) (32,18.25) (33,18.38) (34,18.05) (35,16.67) (36,18.96) (37,17.53) (38,19.62) (39,19.84) (40,18.82)
  (41,19.69) (42,21.89) (43,21.51) (44,22.96) (45,22.44) (46,23.16) (47,22.69) (48,24.35) (49,23.69) (50,23.49)};

\addplot[clPurple] coordinates {
  (1,7.73) (2,1.71) (3,7.73) (4,6.18) (5,6.18) (6,6.18) (7,6.18) (8,6.18) (9,6.18) (10,6.18)
  (11,6.18) (12,6.18) (13,6.18) (14,6.18) (15,6.18) (16,6.18) (17,6.18) (18,6.18) (19,8.55) (20,9.27)
  (21,10.36) (22,12.35) (23,12.31) (24,12.36) (25,12.58) (26,14.95) (27,11.04) (28,15.89) (29,13.15) (30,15.11)
  (31,16.87) (32,15.25) (33,17.76) (34,17.95) (35,17.25) (36,19.56) (37,17.09) (38,17.64) (39,18.85) (40,17.82)
  (41,19.95) (42,17.93) (43,20.29) (44,19.22) (45,20.58) (46,21.15) (47,20.8) (48,20.76) (49,20.69) (50,20.76)};

\addplot[clOlive] coordinates {
  (1,9.27) (2,3.09) (3,4.64) (4,6.18) (5,6.18) (6,7.73) (7,7.73) (8,6.18) (9,6.18) (10,6.18)
  (11,6.18) (12,7.73) (13,6.18) (14,6.18) (15,6.18) (16,6.18) (17,6.18) (18,6.18) (19,7.73) (20,6.18)
  (21,6.18) (22,7.73) (23,6.18) (24,7.73) (25,7.73) (26,10.82) (27,10.51) (28,10.49) (29,10.13) (30,12.18)
  (31,10.44) (32,14.04) (33,12.35) (34,13.82) (35,12.02) (36,14.64) (37,12.6) (38,12.8) (39,15.84) (40,13.55)
  (41,15.84) (42,14.95) (43,16.98) (44,17.67) (45,16.35) (46,15.6) (47,16.47) (48,18.4) (49,15.64) (50,19.09)};

\addplot[clGray,dotted] coordinates {
  (1,7.73) (2,7.91) (3,10.67) (4,9.87) (5,11.22) (6,13.44) (7,12.18) (8,13.0) (9,15.05) (10,13.0)
  (11,14.95) (12,14.11) (13,14.47) (14,15.07) (15,14.45) (16,15.73) (17,12.29) (18,15.55) (19,15.42) (20,16.22)
  (21,15.69) (22,15.4) (23,15.45) (24,15.84) (25,15.76) (26,15.18) (27,15.33) (28,15.33) (29,14.53) (30,16.11)
  (31,16.35) (32,15.8) (33,14.53) (34,15.73) (35,15.44) (36,15.6) (37,15.73) (38,14.84) (39,16.16) (40,16.04)
  (41,15.29) (42,14.15) (43,14.29) (44,14.16) (45,14.4) (46,14.47) (47,14.47) (48,14.31) (49,13.67) (50,14.73)};


\nextgroupplot[ymin=88, ymax=100]
\addplot[black,thick,dashed] coordinates {
  (1,98.87) (2,99.01) (3,99.06) (4,98.08) (5,98.84) (6,98.95) (7,98.96) (8,99.0) (9,99.02) (10,98.75)
  (11,98.98) (12,99.06) (13,99.05) (14,99.08) (15,99.12) (16,98.74) (17,98.96) (18,98.95) (19,98.84) (20,98.92)
  (21,99.11) (22,99.15) (23,99.05) (24,99.01) (25,98.96) (26,98.98) (27,99.0) (28,98.95) (29,99.04) (30,99.2)
  (31,98.83) (32,99.0) (33,99.06) (34,98.98) (35,99.01) (36,99.01) (37,99.08) (38,99.07) (39,99.12) (40,99.03)
  (41,98.96) (42,99.07) (43,99.02) (44,99.03) (45,98.94) (46,99.03) (47,98.93) (48,98.97) (49,99.22) (50,99.04)};

\addplot[clBlue] coordinates {
  (1,92.94) (2,94.14) (3,94.76) (4,95.27) (5,95.5) (6,95.7) (7,95.66) (8,95.78) (9,95.78) (10,95.77)
  (11,95.88) (12,95.89) (13,95.73) (14,95.86) (15,95.69) (16,95.73) (17,95.69) (18,95.67) (19,95.59) (20,95.7)
  (21,95.66) (22,95.64) (23,95.75) (24,95.72) (25,95.78) (26,95.64) (27,95.67) (28,95.75) (29,95.79) (30,95.54)
  (31,95.75) (32,95.71) (33,95.78) (34,95.69) (35,95.77) (36,95.65) (37,95.72) (38,95.74) (39,95.58) (40,95.58)
  (41,95.62) (42,95.71) (43,95.7) (44,95.56) (45,95.66) (46,95.75) (47,95.61) (48,95.76) (49,95.73) (50,95.72)};

\addplot[clTeal] coordinates {
  (1,92.78) (2,93.88) (3,94.89) (4,95.2) (5,95.43) (6,95.57) (7,95.64) (8,95.62) (9,95.67) (10,95.7)
  (11,95.81) (12,95.79) (13,95.7) (14,95.7) (15,95.78) (16,95.82) (17,95.84) (18,95.92) (19,95.88) (20,95.94)
  (21,95.77) (22,95.65) (23,95.61) (24,95.91) (25,95.78) (26,95.97) (27,95.92) (28,95.85) (29,95.87) (30,95.97)
  (31,95.88) (32,95.91) (33,95.94) (34,95.76) (35,95.51) (36,95.66) (37,95.8) (38,95.85) (39,95.85) (40,95.93)
  (41,95.89) (42,95.9) (43,95.85) (44,95.9) (45,95.81) (46,95.88) (47,95.96) (48,95.86) (49,95.84) (50,95.95)};

\addplot[clRed,thick] coordinates {
  (1,92.9) (2,91.18) (3,91.88) (4,92.8) (5,93.92) (6,94.56) (7,95.05) (8,95.54) (9,95.75) (10,96.05)
  (11,96.36) (12,96.36) (13,96.57) (14,96.81) (15,96.78) (16,96.71) (17,97.01) (18,97.0) (19,96.99) (20,97.04)
  (21,97.01) (22,97.16) (23,97.1) (24,97.28) (25,97.21) (26,97.32) (27,97.2) (28,97.3) (29,97.23) (30,97.37)
  (31,97.34) (32,97.4) (33,97.36) (34,97.18) (35,97.22) (36,97.47) (37,97.45) (38,97.46) (39,97.52) (40,97.38)
  (41,97.37) (42,97.37) (43,97.3) (44,97.41) (45,97.51) (46,97.53) (47,97.56) (48,97.19) (49,97.67) (50,97.68)};

\addplot[clPurple] coordinates {
  (1,90.56) (2,88.58) (3,90.16) (4,91.14) (5,91.93) (6,92.83) (7,93.32) (8,93.71) (9,93.94) (10,94.17)
  (11,94.51) (12,94.67) (13,94.95) (14,94.89) (15,95.19) (16,95.24) (17,95.41) (18,95.39) (19,95.54) (20,95.66)
  (21,95.6) (22,95.72) (23,95.84) (24,95.96) (25,95.94) (26,95.98) (27,96.17) (28,96.06) (29,96.2) (30,96.2)
  (31,96.19) (32,96.3) (33,96.33) (34,96.44) (35,96.41) (36,96.59) (37,96.46) (38,96.56) (39,96.6) (40,96.67)
  (41,96.57) (42,96.69) (43,96.71) (44,96.71) (45,96.89) (46,96.87) (47,96.89) (48,96.81) (49,96.96) (50,97.01)};

\addplot[clOlive] coordinates {
  (1,90.24) (2,86.93) (3,89.07) (4,90.82) (5,91.85) (6,92.54) (7,93.13) (8,93.48) (9,93.72) (10,94.02)
  (11,94.13) (12,94.41) (13,94.56) (14,94.58) (15,94.71) (16,95.09) (17,95.11) (18,95.13) (19,95.29) (20,95.45)
  (21,95.5) (22,95.64) (23,95.77) (24,95.85) (25,95.92) (26,95.89) (27,96.05) (28,96.08) (29,96.15) (30,96.18)
  (31,96.26) (32,96.31) (33,96.34) (34,96.37) (35,96.47) (36,96.44) (37,96.63) (38,96.63) (39,96.7) (40,96.76)
  (41,96.83) (42,96.73) (43,96.89) (44,96.97) (45,97.01) (46,97.04) (47,97.05) (48,97.13) (49,97.1) (50,97.16)};

\addplot[clGray,dotted] coordinates {
  (1,92.99) (2,93.8) (3,94.54) (4,94.75) (5,94.94) (6,94.76) (7,94.93) (8,94.92) (9,94.96) (10,95.22)
  (11,95.25) (12,95.27) (13,95.34) (14,95.26) (15,95.51) (16,95.34) (17,95.31) (18,95.47) (19,95.49) (20,95.57)
  (21,95.5) (22,95.61) (23,95.54) (24,95.6) (25,95.15) (26,95.48) (27,95.66) (28,95.57) (29,95.49) (30,95.54)
  (31,95.52) (32,95.72) (33,95.7) (34,95.62) (35,95.64) (36,95.6) (37,95.68) (38,95.79) (39,95.72) (40,95.64)
  (41,95.77) (42,95.82) (43,95.81) (44,95.63) (45,95.77) (46,95.64) (47,95.47) (48,95.66) (49,95.74) (50,95.74)};


\nextgroupplot[ymin=74, ymax=100]
\addplot[black,thick,dashed] coordinates {
  (1,99.26) (2,99.15) (3,99.3) (4,99.27) (5,99.26) (6,99.31) (7,99.19) (8,99.18) (9,99.32) (10,98.88)
  (11,99.22) (12,99.32) (13,99.13) (14,99.33) (15,99.31) (16,99.26) (17,99.35) (18,99.31) (19,99.33) (20,99.31)
  (21,99.38) (22,99.2) (23,99.24) (24,99.39) (25,99.4) (26,99.32) (27,99.35) (28,99.4) (29,99.33) (30,99.39)
  (31,99.29) (32,99.38) (33,99.3) (34,99.37) (35,99.38) (36,99.41) (37,99.24) (38,99.41) (39,99.38) (40,99.31)
  (41,99.4) (42,99.4) (43,99.35) (44,99.38) (45,99.38) (46,99.4) (47,99.32) (48,99.41) (49,99.39) (50,99.38)};

\addplot[clBlue] coordinates {
  (1,80.44) (2,82.54) (3,83.49) (4,83.51) (5,84.04) (6,84.2) (7,84.29) (8,84.75) (9,84.28) (10,84.37)
  (11,84.76) (12,84.52) (13,84.21) (14,84.29) (15,84.29) (16,84.71) (17,84.26) (18,84.28) (19,84.22) (20,84.17)
  (21,84.42) (22,83.99) (23,84.49) (24,84.0) (25,84.44) (26,84.01) (27,84.13) (28,84.1) (29,84.13) (30,84.1)
  (31,84.09) (32,84.03) (33,83.96) (34,84.33) (35,84.35) (36,84.33) (37,83.94) (38,84.12) (39,83.4) (40,83.67)
  (41,83.57) (42,83.71) (43,83.71) (44,84.04) (45,83.96) (46,83.79) (47,83.7) (48,83.66) (49,83.53) (50,83.92)};

\addplot[clTeal] coordinates {
  (1,80.65) (2,82.6) (3,83.65) (4,83.43) (5,83.47) (6,84.07) (7,84.37) (8,83.77) (9,84.16) (10,84.27)
  (11,84.34) (12,84.3) (13,84.66) (14,84.4) (15,83.93) (16,84.52) (17,84.44) (18,84.27) (19,84.58) (20,84.62)
  (21,84.4) (22,84.41) (23,84.7) (24,84.75) (25,84.38) (26,84.12) (27,83.82) (28,84.28) (29,84.04) (30,84.17)
  (31,84.09) (32,84.23) (33,84.01) (34,84.19) (35,84.57) (36,84.37) (37,84.03) (38,84.47) (39,84.51) (40,84.37)
  (41,84.12) (42,83.46) (43,84.08) (44,84.13) (45,83.86) (46,83.9) (47,84.0) (48,84.01) (49,84.01) (50,83.67)};

\addplot[clRed,thick] coordinates {
  (1,80.55) (2,79.18) (3,83.77) (4,87.19) (5,89.22) (6,91.34) (7,92.09) (8,92.7) (9,93.05) (10,93.67)
  (11,93.62) (12,94.43) (13,94.61) (14,94.71) (15,94.78) (16,94.96) (17,95.45) (18,94.9) (19,95.17) (20,95.63)
  (21,95.13) (22,95.93) (23,95.59) (24,95.72) (25,95.45) (26,95.71) (27,96.37) (28,96.06) (29,95.93) (30,96.32)
  (31,96.3) (32,95.64) (33,95.53) (34,96.73) (35,96.35) (36,96.33) (37,96.07) (38,96.96) (39,96.63) (40,96.3)
  (41,96.22) (42,96.55) (43,96.76) (44,97.15) (45,95.75) (46,96.89) (47,97.24) (48,97.09) (49,96.84) (50,96.55)};

\addplot[clPurple] coordinates {
  (1,77.51) (2,74.6) (3,81.31) (4,84.98) (5,87.56) (6,89.62) (7,90.89) (8,92.01) (9,92.38) (10,93.11)
  (11,93.88) (12,93.9) (13,94.3) (14,95.01) (15,95.22) (16,95.49) (17,95.49) (18,95.44) (19,95.63) (20,95.89)
  (21,96.26) (22,96.23) (23,96.33) (24,96.24) (25,96.67) (26,96.6) (27,96.73) (28,96.74) (29,96.64) (30,96.73)
  (31,96.66) (32,96.8) (33,96.94) (34,96.86) (35,96.99) (36,97.12) (37,97.12) (38,97.29) (39,97.26) (40,97.13)
  (41,97.29) (42,97.36) (43,97.27) (44,97.36) (45,97.35) (46,97.34) (47,97.29) (48,97.24) (49,97.5) (50,97.41)};

\addplot[clOlive] coordinates {
  (1,77.16) (2,67.8) (3,75.88) (4,79.95) (5,84.41) (6,86.26) (7,87.74) (8,89.56) (9,89.99) (10,90.69)
  (11,91.78) (12,92.78) (13,93.03) (14,93.46) (15,93.58) (16,94.08) (17,93.94) (18,94.71) (19,94.68) (20,95.09)
  (21,95.3) (22,95.6) (23,95.56) (24,95.67) (25,95.75) (26,95.69) (27,95.96) (28,96.05) (29,96.53) (30,96.28)
  (31,96.31) (32,96.27) (33,96.49) (34,96.63) (35,96.64) (36,96.98) (37,96.7) (38,96.97) (39,96.43) (40,96.87)
  (41,96.95) (42,97.1) (43,97.05) (44,96.93) (45,97.02) (46,97.2) (47,97.28) (48,97.33) (49,97.02) (50,97.17)};

\addplot[clGray,dotted] coordinates {
  (1,80.01) (2,82.05) (3,82.82) (4,82.6) (5,82.89) (6,83.36) (7,83.44) (8,83.86) (9,83.93) (10,83.92)
  (11,84.07) (12,83.82) (13,84.03) (14,83.56) (15,84.13) (16,84.47) (17,83.77) (18,83.85) (19,84.64) (20,84.27)
  (21,83.81) (22,83.94) (23,83.97) (24,84.0) (25,83.89) (26,84.24) (27,84.27) (28,83.49) (29,84.04) (30,84.0)
  (31,83.85) (32,83.4) (33,84.12) (34,84.1) (35,84.05) (36,84.29) (37,83.78) (38,84.16) (39,83.66) (40,83.6)
  (41,84.03) (42,83.82) (43,83.67) (44,84.06) (45,84.11) (46,84.05) (47,84.24) (48,84.21) (49,84.36) (50,84.28)};


\nextgroupplot[ymin=25, ymax=75]
\addplot[black,thick,dashed] coordinates {
  (1,60.59) (2,67.14) (3,66.37) (4,65.37) (5,67.36) (6,68.15) (7,67.25) (8,67.85) (9,67.46) (10,67.79)
  (11,67.15) (12,67.48) (13,67.52) (14,67.33) (15,66.5) (16,67.12) (17,68.3) (18,67.89) (19,67.18) (20,68.19)
  (21,68.09) (22,67.9) (23,68.02) (24,68.34) (25,67.83) (26,68.41) (27,68.02) (28,68.89) (29,67.64) (30,66.71)
  (31,68.04) (32,67.47) (33,67.19) (34,67.18) (35,67.36) (36,67.75) (37,67.14) (38,66.8) (39,67.71) (40,68.17)
  (41,67.63) (42,67.58) (43,67.81) (44,68.05) (45,67.74) (46,66.69) (47,67.2) (48,67.36) (49,66.86) (50,66.92)};

\addplot[clBlue] coordinates {
  (1,37.46) (2,40.5) (3,40.25) (4,41.06) (5,40.43) (6,41.41) (7,41.4) (8,41.34) (9,41.49) (10,41.7)
  (11,41.77) (12,41.98) (13,42.03) (14,42.18) (15,42.03) (16,41.91) (17,41.73) (18,41.79) (19,41.61) (20,41.71)
  (21,41.44) (22,41.44) (23,41.19) (24,41.24) (25,41.31) (26,40.9) (27,41.23) (28,41.13) (29,41.02) (30,41.07)
  (31,41.17) (32,40.82) (33,40.91) (34,40.83) (35,40.87) (36,40.83) (37,40.61) (38,40.53) (39,40.54) (40,40.59)
  (41,40.53) (42,40.46) (43,40.66) (44,40.44) (45,40.22) (46,40.72) (47,40.6) (48,40.13) (49,40.4) (50,40.04)};

\addplot[clTeal] coordinates {
  (1,37.54) (2,40.52) (3,40.38) (4,40.53) (5,40.96) (6,40.93) (7,41.21) (8,41.67) (9,41.34) (10,41.62)
  (11,41.74) (12,41.5) (13,41.74) (14,41.73) (15,41.68) (16,41.8) (17,41.79) (18,42.08) (19,41.69) (20,41.76)
  (21,41.63) (22,41.48) (23,41.62) (24,41.2) (25,41.55) (26,41.61) (27,41.14) (28,41.4) (29,41.22) (30,41.1)
  (31,41.11) (32,40.95) (33,41.24) (34,41.0) (35,40.85) (36,40.48) (37,41.0) (38,40.62) (39,40.72) (40,40.92)
  (41,40.76) (42,40.71) (43,40.65) (44,40.74) (45,40.61) (46,40.71) (47,40.48) (48,40.63) (49,40.56) (50,40.48)};

\addplot[clRed,thick] coordinates {
  (1,37.72) (2,31.11) (3,33.99) (4,37.04) (5,39.05) (6,40.85) (7,42.95) (8,44.56) (9,45.88) (10,46.91)
  (11,47.48) (12,48.62) (13,49.41) (14,49.95) (15,50.47) (16,50.59) (17,50.44) (18,51.13) (19,51.43) (20,51.65)
  (21,51.56) (22,52.08) (23,51.86) (24,52.63) (25,52.61) (26,52.53) (27,52.72) (28,52.61) (29,52.7) (30,52.63)
  (31,52.39) (32,52.58) (33,52.83) (34,52.7) (35,52.72) (36,52.86) (37,52.71) (38,52.76) (39,52.37) (40,52.74)
  (41,52.58) (42,52.86) (43,52.49) (44,52.23) (45,52.54) (46,52.27) (47,52.41) (48,52.38) (49,52.21) (50,52.57)};

\addplot[clPurple] coordinates {
  (1,37.85) (2,19.85) (3,27.68) (4,36.06) (5,39.99) (6,42.34) (7,44.9) (8,46.25) (9,47.37) (10,48.04)
  (11,49.12) (12,49.92) (13,50.33) (14,50.89) (15,51.39) (16,51.75) (17,52.1) (18,52.24) (19,52.28) (20,52.49)
  (21,52.51) (22,52.66) (23,52.71) (24,52.72) (25,52.96) (26,53.02) (27,52.98) (28,53.13) (29,53.07) (30,53.3)
  (31,53.34) (32,53.15) (33,53.31) (34,53.56) (35,53.5) (36,53.49) (37,53.6) (38,53.6) (39,53.74) (40,53.48)
  (41,53.66) (42,53.58) (43,53.7) (44,53.8) (45,53.72) (46,53.7) (47,53.67) (48,53.63) (49,53.56) (50,53.81)};

\addplot[clOlive] coordinates {
  (1,36.87) (2,14.87) (3,20.71) (4,24.74) (5,28.61) (6,33.05) (7,36.47) (8,38.94) (9,40.57) (10,41.98)
  (11,42.91) (12,43.28) (13,44.36) (14,44.88) (15,45.47) (16,46.5) (17,46.76) (18,47.09) (19,47.66) (20,48.33)
  (21,48.32) (22,48.87) (23,49.26) (24,49.63) (25,49.57) (26,50.03) (27,50.28) (28,50.47) (29,51.08) (30,50.85)
  (31,51.17) (32,51.32) (33,51.41) (34,51.62) (35,51.65) (36,51.6) (37,51.75) (38,52.05) (39,52.17) (40,52.38)
  (41,52.35) (42,52.46) (43,52.55) (44,52.76) (45,52.72) (46,52.62) (47,52.69) (48,52.67) (49,52.8) (50,52.93)};

\addplot[clGray,dotted] coordinates {
  (1,37.78) (2,40.77) (3,41.72) (4,41.52) (5,42.15) (6,42.33) (7,42.54) (8,42.59) (9,42.38) (10,42.43)
  (11,42.53) (12,42.49) (13,41.98) (14,42.3) (15,42.21) (16,42.28) (17,42.71) (18,42.3) (19,41.97) (20,42.32)
  (21,42.12) (22,42.19) (23,41.62) (24,41.61) (25,41.59) (26,41.84) (27,41.78) (28,41.91) (29,41.02) (30,41.46)
  (31,41.53) (32,41.27) (33,41.67) (34,41.1) (35,41.36) (36,40.88) (37,41.56) (38,41.3) (39,41.06) (40,40.71)
  (41,40.86) (42,40.84) (43,40.92) (44,40.97) (45,40.83) (46,41.19) (47,41.08) (48,40.91) (49,40.91) (50,40.53)};


\nextgroupplot[ymin=22, ymax=82]
\addplot[black,thick,dashed] coordinates {
  (1,74.92) (2,72.86) (3,72.67) (4,73.94) (5,75.54) (6,75.04) (7,74.7) (8,75.46) (9,74.63) (10,75.29)
  (11,75.46) (12,75.75) (13,75.28) (14,75.75) (15,75.75) (16,75.18) (17,75.73) (18,75.79) (19,75.09) (20,75.12)
  (21,74.58) (22,75.48) (23,74.83) (24,75.25) (25,74.93) (26,75.68) (27,75.75) (28,75.35) (29,74.78) (30,75.5)
  (31,75.57) (32,75.47) (33,74.84) (34,75.28) (35,75.39) (36,74.58) (37,74.45) (38,76.38) (39,75.2) (40,75.59)
  (41,75.65) (42,74.73) (43,75.06) (44,75.25) (45,75.49) (46,75.43) (47,75.28) (48,75.18) (49,74.65) (50,75.12)};

\addplot[clBlue] coordinates {
  (1,33.05) (2,37.32) (3,37.42) (4,37.58) (5,38.31) (6,38.53) (7,38.84) (8,39.15) (9,38.75) (10,38.97)
  (11,38.77) (12,38.88) (13,38.89) (14,38.54) (15,38.52) (16,38.54) (17,38.34) (18,38.6) (19,38.56) (20,37.87)
  (21,38.18) (22,37.86) (23,38.26) (24,38.12) (25,38.2) (26,38.1) (27,37.72) (28,37.91) (29,37.84) (30,38.31)
  (31,38.02) (32,37.7) (33,37.86) (34,37.8) (35,37.33) (36,37.5) (37,37.34) (38,37.62) (39,37.29) (40,38.03)
  (41,37.38) (42,37.63) (43,37.3) (44,37.35) (45,37.28) (46,37.27) (47,37.22) (48,37.08) (49,37.53) (50,37.17)};

\addplot[clTeal] coordinates {
  (1,32.9) (2,36.56) (3,37.34) (4,38.41) (5,38.63) (6,38.61) (7,38.74) (8,39.04) (9,39.13) (10,38.58)
  (11,39.19) (12,39.01) (13,38.95) (14,38.58) (15,38.22) (16,38.41) (17,38.71) (18,38.58) (19,38.77) (20,38.45)
  (21,38.18) (22,37.84) (23,38.07) (24,38.01) (25,38.36) (26,38.02) (27,38.18) (28,37.95) (29,37.87) (30,37.86)
  (31,37.83) (32,37.8) (33,37.75) (34,37.64) (35,37.53) (36,37.58) (37,37.78) (38,37.63) (39,37.86) (40,37.74)
  (41,37.48) (42,37.39) (43,37.62) (44,37.58) (45,37.39) (46,37.4) (47,37.5) (48,37.26) (49,37.45) (50,37.44)};

\addplot[clRed,thick] coordinates {
  (1,33.18) (2,26.86) (3,30.95) (4,33.67) (5,35.97) (6,38.0) (7,40.6) (8,41.65) (9,43.25) (10,43.98)
  (11,44.89) (12,44.76) (13,45.37) (14,45.83) (15,46.35) (16,46.21) (17,46.68) (18,47.05) (19,46.81) (20,47.07)
  (21,46.76) (22,47.49) (23,47.8) (24,47.77) (25,47.55) (26,47.5) (27,48.06) (28,47.95) (29,47.89) (30,48.18)
  (31,47.8) (32,48.12) (33,48.15) (34,48.22) (35,48.2) (36,48.14) (37,48.07) (38,48.26) (39,47.64) (40,48.25)
  (41,48.04) (42,47.8) (43,47.78) (44,48.29) (45,47.44) (46,48.05) (47,48.2) (48,48.12) (49,48.0) (50,48.29)};

\addplot[clPurple] coordinates {
  (1,32.12) (2,24.2) (3,32.69) (4,35.99) (5,38.17) (6,40.09) (7,41.32) (8,42.24) (9,42.66) (10,43.72)
  (11,44.08) (12,44.77) (13,45.44) (14,45.77) (15,45.42) (16,46.52) (17,46.73) (18,46.37) (19,46.69) (20,46.99)
  (21,47.42) (22,47.17) (23,47.51) (24,47.62) (25,47.35) (26,47.71) (27,47.35) (28,47.86) (29,47.44) (30,47.97)
  (31,48.35) (32,47.81) (33,48.24) (34,48.6) (35,48.0) (36,48.22) (37,48.16) (38,48.8) (39,48.0) (40,48.49)
  (41,48.65) (42,48.76) (43,48.9) (44,48.75) (45,48.56) (46,48.58) (47,49.21) (48,49.14) (49,49.21) (50,49.07)};

\addplot[clOlive] coordinates {
  (1,31.52) (2,17.03) (3,20.91) (4,24.3) (5,27.84) (6,31.04) (7,32.45) (8,34.67) (9,35.43) (10,37.13)
  (11,37.47) (12,38.98) (13,39.58) (14,39.65) (15,40.67) (16,40.96) (17,42.42) (18,42.75) (19,42.59) (20,42.75)
  (21,44.06) (22,44.43) (23,43.85) (24,44.52) (25,44.46) (26,45.07) (27,46.05) (28,45.71) (29,46.17) (30,46.34)
  (31,46.43) (32,46.05) (33,46.41) (34,47.7) (35,47.62) (36,47.29) (37,47.44) (38,47.92) (39,47.36) (40,47.71)
  (41,47.68) (42,48.07) (43,47.67) (44,48.17) (45,48.48) (46,48.34) (47,48.39) (48,47.95) (49,48.77) (50,48.89)};

\addplot[clGray,dotted] coordinates {
  (1,33.25) (2,37.44) (3,37.83) (4,38.39) (5,38.63) (6,38.51) (7,39.13) (8,38.61) (9,38.84) (10,38.25)
  (11,38.02) (12,38.1) (13,38.85) (14,38.71) (15,37.91) (16,37.97) (17,37.86) (18,38.26) (19,38.37) (20,37.77)
  (21,38.53) (22,37.58) (23,37.98) (24,37.85) (25,37.4) (26,37.37) (27,37.65) (28,37.67) (29,37.84) (30,37.53)
  (31,37.5) (32,37.93) (33,37.81) (34,37.89) (35,37.47) (36,37.79) (37,37.78) (38,37.49) (39,37.29) (40,37.49)
  (41,37.46) (42,37.8) (43,37.22) (44,37.59) (45,37.59) (46,37.1) (47,36.97) (48,36.98) (49,37.91) (50,37.3)};

