epoch,accuracy,loss,val_accuracy,val_loss
0,0.621999979019165,1.2564297914505005,0.8155999779701233,0.59160315990448
1,0.8220000267028809,0.5282005667686462,0.8569999933242798,0.45551249384880066
2,0.8870000243186951,0.35623881220817566,0.8877999782562256,0.3561120331287384
3,0.9279999732971191,0.28106147050857544,0.8999000191688538,0.3288627862930298
4,0.9279999732971191,0.21426302194595337,0.9071000218391418,0.3027053773403168
0,0.628000020980835,1.4265104532241821,0.7433000206947327,0.7403385043144226
1,0.7789999842643738,0.6295693516731262,0.8349999785423279,0.5090941190719604
2,0.843999981880188,0.46257245540618896,0.8707000017166138,0.41705653071403503
3,0.8700000047683716,0.36672458052635193,0.8726999759674072,0.4137025773525238
4,0.8980000019073486,0.30770111083984375,0.8881999850273132,0.3773840069770813
0,0.8690000176429749,0.38127943873405457,0.9010000228881836,0.32825860381126404
1,0.8960000276565552,0.3321797549724579,0.8920000195503235,0.3465561270713806
2,0.906000018119812,0.2831234931945801,0.9018999934196472,0.3216377794742584
3,0.9150000214576721,0.25171539187431335,0.8873999714851379,0.3551023304462433
4,0.9309999942779541,0.21194671094417572,0.902400016784668,0.3260139226913452
0,0.902999997138977,0.30654552578926086,0.9114999771118164,0.27543699741363525
1,0.9139999747276306,0.26210838556289673,0.9168000221252441,0.2639271914958954
2,0.9350000023841858,0.2057492733001709,0.9218000173568726,0.2581544816493988
3,0.9409999847412109,0.17713922262191772,0.9225999712944031,0.2725447416305542
4,0.9520000219345093,0.15536946058273315,0.9240000247955322,0.26652902364730835
0,0.9300000071525574,0.24430082738399506,0.923799991607666,0.23711933195590973
1,0.9350000023841858,0.21259810030460358,0.9282000064849854,0.23454543948173523
2,0.9399999976158142,0.16749730706214905,0.9325000047683716,0.24061641097068787
3,0.9559999704360962,0.15170863270759583,0.9330000281333923,0.22557707130908966
4,0.9670000076293945,0.11978217214345932,0.930400013923645,0.24564780294895172
0,0.9300000071525574,0.20892471075057983,0.9312999844551086,0.22781530022621155
1,0.9409999847412109,0.1653633713722229,0.9381999969482422,0.20977553725242615
2,0.9610000252723694,0.1389288604259491,0.9358999729156494,0.22269152104854584
3,0.968999981880188,0.11038710922002792,0.9330000281333923,0.2321833074092865
4,0.972000002861023,0.09851429611444473,0.9351000189781189,0.23715732991695404
0,0.9390000104904175,0.2026815116405487,0.9316999912261963,0.20928147435188293
1,0.9390000104904175,0.16450604796409607,0.9373000264167786,0.2168048620223999
2,0.9570000171661377,0.14259393513202667,0.9381999969482422,0.21025162935256958
3,0.9599999785423279,0.12108185142278671,0.9397000074386597,0.21264496445655823
4,0.9660000205039978,0.08809592574834824,0.9401999711990356,0.2148316353559494
0,0.9470000267028809,0.17932821810245514,0.9487000107765198,0.1725018173456192
1,0.9559999704360962,0.139872208237648,0.9451000094413757,0.18772436678409576
2,0.968999981880188,0.09679258614778519,0.944100022315979,0.20009936392307281
3,0.9670000076293945,0.09562341123819351,0.9465000033378601,0.19835017621517181
4,0.972000002861023,0.08174414932727814,0.9386000037193298,0.2242157757282257
0,0.9520000219345093,0.16268230974674225,0.9473000168800354,0.18496589362621307
1,0.9559999704360962,0.1267300695180893,0.9453999996185303,0.18902438879013062
2,0.9649999737739563,0.09924717992544174,0.945900022983551,0.19126001000404358
3,0.9760000109672546,0.08058848232030869,0.9442999958992004,0.20802302658557892
4,0.9829999804496765,0.07223427295684814,0.9463000297546387,0.2005564570426941
0,0.949999988079071,0.15578053891658783,0.9496999979019165,0.17460161447525024
1,0.9679999947547913,0.11072756350040436,0.9501000046730042,0.17522400617599487
2,0.9670000076293945,0.0890113040804863,0.9495000243186951,0.18150366842746735
3,0.9760000109672546,0.06938539445400238,0.9527000188827515,0.17524182796478271
4,0.9769999980926514,0.06789429485797882,0.9495000243186951,0.19662287831306458
0,0.953000009059906,0.14530201256275177,0.9474999904632568,0.18938542902469635
1,0.9639999866485596,0.11382271349430084,0.9527999758720398,0.16946008801460266
2,0.9769999980926514,0.08173972368240356,0.948199987411499,0.18521972000598907
3,0.9789999723434448,0.06877303868532181,0.9503999948501587,0.1897573322057724
4,0.9800000190734863,0.06284110993146896,0.9491999745368958,0.19023609161376953
0,0.9589999914169312,0.13620398938655853,0.9563999772071838,0.1564861685037613
1,0.9779999852180481,0.09269002079963684,0.9503999948501587,0.17741501331329346
2,0.9779999852180481,0.056732580065727234,0.9488999843597412,0.19413454830646515
3,0.9750000238418579,0.08144287019968033,0.9506000280380249,0.18929927051067352
4,0.9769999980926514,0.07155203819274902,0.9485999941825867,0.19326022267341614
0,0.9639999866485596,0.1261170357465744,0.9559000134468079,0.15206731855869293
1,0.9670000076293945,0.09511185437440872,0.9520999789237976,0.17957603931427002
2,0.9660000205039978,0.09469916671514511,0.9498000144958496,0.17682576179504395
3,0.9760000109672546,0.07564760744571686,0.954200029373169,0.17317138612270355
4,0.9929999709129333,0.04347248375415802,0.9509999752044678,0.18681716918945312
0,0.968999981880188,0.10603415966033936,0.957099974155426,0.15666604042053223
1,0.9610000252723694,0.10080128163099289,0.953000009059906,0.1768902838230133
2,0.9829999804496765,0.06105968728661537,0.9542999863624573,0.17484524846076965
3,0.9890000224113464,0.04432178661227226,0.9552000164985657,0.1826305389404297
4,0.9879999756813049,0.044009655714035034,0.9544000029563904,0.18402692675590515
0,0.9700000286102295,0.1056647077202797,0.9592999815940857,0.1498127281665802
1,0.9700000286102295,0.08697778731584549,0.9591000080108643,0.1520024985074997
2,0.984000027179718,0.0593450628221035,0.9546999931335449,0.16602887213230133
3,0.9810000061988831,0.05465208739042282,0.9517999887466431,0.19749130308628082
4,0.9829999804496765,0.04878862202167511,0.9456999897956848,0.22301141917705536
0,0.9700000286102295,0.09499896317720413,0.9603999853134155,0.1424952894449234
1,0.9729999899864197,0.07101979106664658,0.958299994468689,0.15362843871116638
2,0.9789999723434448,0.06793569028377533,0.949999988079071,0.19556906819343567
3,0.9779999852180481,0.06345952302217484,0.9573000073432922,0.17003998160362244
4,0.9860000014305115,0.03909933194518089,0.9553999900817871,0.19341932237148285
0,0.9670000076293945,0.09721162170171738,0.9603999853134155,0.15209399163722992
1,0.9620000123977661,0.10058581084012985,0.9524000287055969,0.1809118092060089
2,0.9769999980926514,0.0688534751534462,0.9559000134468079,0.16587695479393005
3,0.9909999966621399,0.044971004128456116,0.9580000042915344,0.1643059253692627
4,0.9900000095367432,0.038843803107738495,0.9567000269889832,0.17971302568912506
0,0.9629999995231628,0.11420847475528717,0.9544000029563904,0.16302254796028137
1,0.9700000286102295,0.0961916446685791,0.9577000141143799,0.15747494995594025
2,0.9739999771118164,0.06924301385879517,0.9595000147819519,0.15970556437969208
3,0.9739999771118164,0.0761963278055191,0.9571999907493591,0.17060422897338867
4,0.9890000224113464,0.03687220439314842,0.9563999772071838,0.19019417464733124
0,0.9649999737739563,0.09976166486740112,0.9556000232696533,0.16295352578163147
1,0.9750000238418579,0.09272070229053497,0.957099974155426,0.15556727349758148
2,0.9810000061988831,0.053865108639001846,0.9575999975204468,0.1607016921043396
3,0.9860000014305115,0.048887141048908234,0.9571999907493591,0.16712552309036255
4,0.9929999709129333,0.028322892263531685,0.9574000239372253,0.17698708176612854
0,0.9750000238418579,0.09652754664421082,0.963699996471405,0.13327887654304504
1,0.9850000143051147,0.056227825582027435,0.9621000289916992,0.14070716500282288
2,0.9869999885559082,0.04074430465698242,0.9595999717712402,0.16310852766036987
3,0.984000027179718,0.039173249155282974,0.9510999917984009,0.19657503068447113
4,0.9879999756813049,0.03692367300391197,0.9605000019073486,0.1700008064508438
0,0.9679999947547913,0.0958796814084053,0.9606999754905701,0.14775247871875763
1,0.9760000109672546,0.06820175051689148,0.9567000269889832,0.17186127603054047
2,0.9819999933242798,0.04798010736703873,0.9610999822616577,0.16869695484638214
3,0.9879999756813049,0.038760870695114136,0.9549999833106995,0.19927890598773956
4,0.9860000014305115,0.04286010563373566,0.9535999894142151,0.18953073024749756
0,0.9750000238418579,0.09122269600629807,0.9585000276565552,0.15117326378822327
1,0.984000027179718,0.051172852516174316,0.9584000110626221,0.15524393320083618
2,0.9829999804496765,0.05384973809123039,0.9563000202178955,0.16996674239635468
3,0.9829999804496765,0.04234606772661209,0.9563000202178955,0.1796291321516037
4,0.9919999837875366,0.025446807965636253,0.9610999822616577,0.16121084988117218
0,0.9769999980926514,0.092466339468956,0.9646000266075134,0.1299462914466858
1,0.9860000014305115,0.04412313550710678,0.9616000056266785,0.1510665863752365
2,0.984000027179718,0.0428796261548996,0.9589999914169312,0.16006585955619812
3,0.984000027179718,0.046933356672525406,0.9581000208854675,0.1737823784351349
4,0.9890000224113464,0.03442597761750221,0.9584000110626221,0.1853359192609787
0,0.9729999899864197,0.08449247479438782,0.9646999835968018,0.13816291093826294
1,0.984000027179718,0.04036340117454529,0.9592999815940857,0.15534301102161407
2,0.9860000014305115,0.034724339842796326,0.9599000215530396,0.1706317812204361
3,0.9929999709129333,0.02535407803952694,0.9617999792098999,0.17071424424648285
4,0.9860000014305115,0.04038355126976967,0.9607999920845032,0.17304763197898865
0,0.9750000238418579,0.09473558515310287,0.9648000001907349,0.12793205678462982
1,0.9869999885559082,0.049325983971357346,0.9643999934196472,0.13939091563224792
2,0.984000027179718,0.04542052000761032,0.9581999778747559,0.1655438244342804
3,0.9909999966621399,0.030706292018294334,0.9605000019073486,0.17138729989528656
4,0.9919999837875366,0.03780614957213402,0.9610999822616577,0.16379237174987793
0,0.9670000076293945,0.08404185622930527,0.9631999731063843,0.1343338042497635
1,0.9769999980926514,0.05622661113739014,0.963699996471405,0.14140067994594574
2,0.9850000143051147,0.03841373324394226,0.9605000019073486,0.16623753309249878
3,0.9950000047683716,0.027364762499928474,0.9617999792098999,0.16112203896045685
4,0.9929999709129333,0.02104649320244789,0.9599999785423279,0.17498575150966644
0,0.9700000286102295,0.07378421723842621,0.9650999903678894,0.13461044430732727
1,0.9810000061988831,0.052625685930252075,0.9656000137329102,0.13257741928100586
2,0.9860000014305115,0.044980376958847046,0.9575999975204468,0.1743844449520111
3,0.9909999966621399,0.028002869337797165,0.9596999883651733,0.1851969063282013
4,0.9919999837875366,0.031181929633021355,0.9621999859809875,0.16974176466464996
0,0.9769999980926514,0.07827910035848618,0.9645000100135803,0.134900763630867
1,0.972000002861023,0.06815429031848907,0.9629999995231628,0.14117968082427979
2,0.9890000224113464,0.0359012633562088,0.9592000246047974,0.15487605333328247
3,0.9879999756813049,0.0334404818713665,0.9531000256538391,0.19602800905704498
4,0.9909999966621399,0.025347577407956123,0.9639000296592712,0.15827995538711548
0,0.9810000061988831,0.0616254098713398,0.9628000259399414,0.145905539393425
1,0.9850000143051147,0.040606312453746796,0.9646999835968018,0.14651593565940857
2,0.9869999885559082,0.03652600198984146,0.9577999711036682,0.1740763634443283
3,0.9890000224113464,0.03430204838514328,0.9624000191688538,0.15367798507213593
4,0.9890000224113464,0.03159826621413231,0.9631999731063843,0.1635904759168625
0,0.9829999804496765,0.055392637848854065,0.9643999934196472,0.1433497965335846
1,0.9869999885559082,0.03787940368056297,0.9675999879837036,0.13446994125843048
2,0.9940000176429749,0.021880920976400375,0.965399980545044,0.1511731892824173
3,0.9900000095367432,0.03556043282151222,0.9621000289916992,0.15777233242988586
4,0.9879999756813049,0.03469380736351013,0.9624000191688538,0.1649671196937561
0,0.9850000143051147,0.05037549510598183,0.9696000218391418,0.12360063195228577
1,0.9929999709129333,0.032148804515600204,0.9674000144004822,0.13864289224147797
2,0.9919999837875366,0.03445954620838165,0.9639000296592712,0.16110549867153168
3,0.9909999966621399,0.030977904796600342,0.9656000137329102,0.1526787281036377
4,0.9909999966621399,0.023303259164094925,0.9635000228881836,0.18416930735111237
0,0.9779999852180481,0.06646852940320969,0.9635999798774719,0.14554613828659058
1,0.9810000061988831,0.051205676048994064,0.9663000106811523,0.12935520708560944
2,0.9929999709129333,0.024111853912472725,0.9656000137329102,0.14981205761432648
3,0.9940000176429749,0.023030832409858704,0.9624000191688538,0.16568608582019806
4,0.9959999918937683,0.01840398460626602,0.963699996471405,0.17076507210731506
0,0.9800000190734863,0.052821457386016846,0.967199981212616,0.12523846328258514
1,0.9879999756813049,0.038740165531635284,0.9678999781608582,0.1381392478942871
2,0.9869999885559082,0.031453296542167664,0.9607999920845032,0.16511620581150055
3,0.984000027179718,0.039182309061288834,0.9628999829292297,0.15773122012615204
4,0.9900000095367432,0.022032372653484344,0.9632999897003174,0.1593809276819229
0,0.9800000190734863,0.054349616169929504,0.968999981880188,0.1249048188328743
1,0.9769999980926514,0.05730809271335602,0.965399980545044,0.1396489292383194
2,0.9919999837875366,0.026933703571558,0.9652000069618225,0.15410974621772766
3,0.9919999837875366,0.023301156237721443,0.9646999835968018,0.14312370121479034
4,0.9919999837875366,0.02340751886367798,0.9660999774932861,0.15391869843006134
0,0.9829999804496765,0.058414727449417114,0.9699000120162964,0.12350473552942276
1,0.9929999709129333,0.029725123196840286,0.9695000052452087,0.1310383379459381
2,0.9929999709129333,0.028021465986967087,0.9670000076293945,0.15103092789649963
3,0.9919999837875366,0.0264772679656744,0.9638000130653381,0.15824225544929504
4,0.9929999709129333,0.023630250245332718,0.9666000008583069,0.15177322924137115
0,0.984000027179718,0.05423228070139885,0.9668999910354614,0.1347387135028839
1,0.984000027179718,0.03973202779889107,0.9648000001907349,0.1435209959745407
2,0.9919999837875366,0.023306258022785187,0.9646999835968018,0.14390714466571808
3,0.9980000257492065,0.01393093541264534,0.9657999873161316,0.14566652476787567
4,0.9959999918937683,0.012920912355184555,0.9657999873161316,0.14857061207294464
0,0.9860000014305115,0.047886647284030914,0.9704999923706055,0.11959337443113327
1,0.9919999837875366,0.02986079640686512,0.9656000137329102,0.14659112691879272
2,0.9869999885559082,0.041571591049432755,0.963699996471405,0.15755465626716614
3,0.9950000047683716,0.015267596580088139,0.9659000039100647,0.15099234879016876
4,0.9940000176429749,0.021979305893182755,0.9666000008583069,0.1479707807302475
0,0.9900000095367432,0.030323458835482597,0.9715999960899353,0.12622614204883575
1,0.9890000224113464,0.03078390657901764,0.9686999917030334,0.12386026978492737
2,0.9940000176429749,0.02310939133167267,0.9690999984741211,0.13284924626350403
3,0.9879999756813049,0.03191699460148811,0.9629999995231628,0.1503080129623413
4,0.9929999709129333,0.021912721917033195,0.9670000076293945,0.13646431267261505
0,0.9869999885559082,0.0450490266084671,0.9704999923706055,0.11865651607513428
1,0.9900000095367432,0.033867962658405304,0.9674000144004822,0.13700634241104126
2,0.9950000047683716,0.01703242026269436,0.9660999774932861,0.1496248096227646
3,0.9940000176429749,0.016111355274915695,0.96670001745224,0.15554118156433105
4,0.9860000014305115,0.03864041715860367,0.9649999737739563,0.14820949733257294
0,0.9760000109672546,0.0678676888346672,0.9677000045776367,0.12147707492113113
1,0.984000027179718,0.041038405150175095,0.9666000008583069,0.13029789924621582
2,0.9929999709129333,0.019684966653585434,0.9670000076293945,0.1326020359992981
3,0.996999979019165,0.01394718699157238,0.968500018119812,0.13926436007022858
4,0.9959999918937683,0.017093226313591003,0.9674000144004822,0.1443096548318863
0,0.9860000014305115,0.033078208565711975,0.9718000292778015,0.117519311606884
1,0.9929999709129333,0.01839066855609417,0.9702000021934509,0.12810395658016205
2,0.9929999709129333,0.020749416202306747,0.9678999781608582,0.13074517250061035
3,0.9940000176429749,0.01548738218843937,0.9671000242233276,0.14460164308547974
4,0.996999979019165,0.01361321471631527,0.9696000218391418,0.15033717453479767
0,0.9909999966621399,0.03432097285985947,0.9732000231742859,0.11549410223960876
1,0.9929999709129333,0.018970798701047897,0.9704999923706055,0.12730200588703156
2,0.9919999837875366,0.03123081475496292,0.9695000052452087,0.1293129324913025
3,0.9890000224113464,0.03170706704258919,0.9666000008583069,0.13053077459335327
4,0.9919999837875366,0.026626581326127052,0.9681000113487244,0.13208575546741486
0,0.9869999885559082,0.039829447865486145,0.9703999757766724,0.12816238403320312
1,0.9890000224113464,0.03457110747694969,0.96670001745224,0.13707906007766724
2,0.9919999837875366,0.02424648404121399,0.9690999984741211,0.12687604129314423
3,0.9950000047683716,0.02277878299355507,0.9690999984741211,0.1289948672056198
4,0.996999979019165,0.011583174578845501,0.9677000045776367,0.14256323873996735
0,0.9869999885559082,0.036406222730875015,0.9699000120162964,0.12739570438861847
1,0.9900000095367432,0.018301358446478844,0.9684000015258789,0.1373133361339569
2,0.9959999918937683,0.018501965329051018,0.9675999879837036,0.1466570496559143
3,0.9950000047683716,0.016412382945418358,0.9661999940872192,0.150075301527977
4,0.9980000257492065,0.009301398880779743,0.9704999923706055,0.14343447983264923
0,0.9900000095367432,0.03396335616707802,0.9724000096321106,0.12066340446472168
1,0.9909999966621399,0.025411587208509445,0.968999981880188,0.1324431300163269
2,0.9860000014305115,0.03178476542234421,0.9695000052452087,0.13597814738750458
3,0.9959999918937683,0.017804913222789764,0.9699000120162964,0.14510193467140198
4,0.9929999709129333,0.022368572652339935,0.9689000248908997,0.14497457444667816
0,0.9860000014305115,0.03486071527004242,0.9682999849319458,0.13653510808944702
1,0.9950000047683716,0.014665903523564339,0.9699000120162964,0.13288339972496033
2,0.9950000047683716,0.016611827537417412,0.97079998254776,0.13240334391593933
3,0.996999979019165,0.014700016006827354,0.9686999917030334,0.13609999418258667
4,0.9950000047683716,0.012725833803415298,0.968999981880188,0.13254119455814362
0,0.9879999756813049,0.02954072691500187,0.9718000292778015,0.11782389879226685
1,0.996999979019165,0.011244414374232292,0.9731000065803528,0.11369971930980682
2,0.9959999918937683,0.01317159179598093,0.9692000150680542,0.13627883791923523
3,0.996999979019165,0.011005515232682228,0.9678999781608582,0.1383780986070633
4,0.996999979019165,0.010883920826017857,0.9695000052452087,0.14135189354419708
0,0.9860000014305115,0.03589402139186859,0.9722999930381775,0.11307483911514282
1,0.9929999709129333,0.018800485879182816,0.9696000218391418,0.12004605680704117
2,0.9909999966621399,0.026183856651186943,0.9704999923706055,0.1284022033214569
3,0.9929999709129333,0.02397548221051693,0.9699000120162964,0.1303284615278244
4,1.0,0.0068734753876924515,0.9710999727249146,0.1301870197057724
0,0.9879999756813049,0.028379052877426147,0.9722999930381775,0.12205513566732407
1,0.9950000047683716,0.018687637522816658,0.9724000096321106,0.11603616923093796
2,0.9950000047683716,0.013071552850306034,0.9664999842643738,0.1506761908531189
3,0.9950000047683716,0.018062453716993332,0.9674000144004822,0.14787183701992035
4,0.9940000176429749,0.014411021955311298,0.9700000286102295,0.13587866723537445
0,0.9909999966621399,0.026801029220223427,0.9750000238418579,0.10710260272026062
1,0.9980000257492065,0.010641894303262234,0.9735999703407288,0.11626263707876205
2,0.9980000257492065,0.008051658980548382,0.9742000102996826,0.11474863439798355
3,0.996999979019165,0.009342850185930729,0.9732999801635742,0.12523449957370758
4,0.9980000257492065,0.007465896662324667,0.9732000231742859,0.1296728551387787
0,0.621999979019165,1.3139097690582275,0.8385999798774719,0.5540289282798767
1,0.8519999980926514,0.4627607762813568,0.8781999945640564,0.40800875425338745
2,0.9169999957084656,0.2887757420539856,0.9046000242233276,0.32271063327789307
3,0.9380000233650208,0.2142265886068344,0.9150000214576721,0.2917346954345703
4,0.9480000138282776,0.16590221226215363,0.9132999777793884,0.3007563054561615
0,0.5389999747276306,1.494125247001648,0.7889000177383423,0.6470113396644592
1,0.8130000233650208,0.579424262046814,0.8519999980926514,0.47982504963874817
2,0.871999979019165,0.4074862599372864,0.8719000220298767,0.4266780614852905
3,0.8799999952316284,0.3548220992088318,0.8790000081062317,0.40193742513656616
4,0.921999990940094,0.2779732346534729,0.8822000026702881,0.3960318863391876
0,0.8870000243186951,0.3623577058315277,0.8880000114440918,0.35777047276496887
1,0.9190000295639038,0.2767367362976074,0.9021000266075134,0.32071447372436523
2,0.9190000295639038,0.26478826999664307,0.8920000195503235,0.35027992725372314
3,0.9279999732971191,0.22644084692001343,0.9081000089645386,0.3085537850856781
4,0.9449999928474426,0.1850099116563797,0.9089999794960022,0.3136577308177948
0,0.9139999747276306,0.28608518838882446,0.9160000085830688,0.26899686455726624
1,0.9300000071525574,0.2136726975440979,0.9115999937057495,0.2811906635761261
2,0.9440000057220459,0.1754693239927292,0.9168999791145325,0.2734542489051819
3,0.953000009059906,0.14771604537963867,0.9103000164031982,0.30972811579704285
4,0.9470000267028809,0.15167345106601715,0.90420001745224,0.33181890845298767
0,0.925000011920929,0.2344394326210022,0.9251999855041504,0.24164463579654694
1,0.9399999976158142,0.19286665320396423,0.9229000210762024,0.2495027631521225
2,0.9480000138282776,0.16149850189685822,0.9280999898910522,0.23793970048427582
3,0.9539999961853027,0.12788432836532593,0.9221000075340271,0.26097598671913147
4,0.9700000286102295,0.10893553495407104,0.9182000160217285,0.2834216356277466
0,0.9390000104904175,0.21523404121398926,0.9296000003814697,0.2258649617433548
1,0.9509999752044678,0.1523897498846054,0.9315000176429749,0.23162467777729034
2,0.9639999866485596,0.11299998313188553,0.9282000064849854,0.23581059277057648
3,0.9700000286102295,0.10429181903600693,0.9253000020980835,0.2641780972480774
4,0.9760000109672546,0.09260529279708862,0.9239000082015991,0.2718929946422577
0,0.9440000057220459,0.2026333063840866,0.9404000043869019,0.18932940065860748
1,0.9620000123977661,0.12531635165214539,0.9369999766349792,0.21000613272190094
2,0.9649999737739563,0.10410656034946442,0.9366000294685364,0.20850692689418793
3,0.9589999914169312,0.11164016276597977,0.9375,0.21774092316627502
4,0.9710000157356262,0.07816193252801895,0.9296000003814697,0.25439515709877014
0,0.9509999752044678,0.17484325170516968,0.9383999705314636,0.20357005298137665
1,0.9589999914169312,0.14813753962516785,0.9294999837875366,0.2478647232055664
2,0.9700000286102295,0.10403710603713989,0.9314000010490417,0.2368418425321579
3,0.9729999899864197,0.10510803759098053,0.9296000003814697,0.23723271489143372
4,0.9819999933242798,0.05924830958247185,0.9343000054359436,0.23731428384780884
0,0.9539999961853027,0.1536238193511963,0.945900022983551,0.16867142915725708
1,0.9559999704360962,0.11644069850444794,0.9430999755859375,0.1961906999349594
2,0.9670000076293945,0.101221464574337,0.9426000118255615,0.2028881460428238
3,0.9850000143051147,0.06176896020770073,0.9427000284194946,0.20005200803279877
4,0.9769999980926514,0.07286827266216278,0.9388999938964844,0.22293932735919952
0,0.9549999833106995,0.15259966254234314,0.9434999823570251,0.19472648203372955
1,0.9570000171661377,0.10935548692941666,0.9434999823570251,0.19189466536045074
2,0.9610000252723694,0.09862347692251205,0.9399999976158142,0.21583588421344757
3,0.9710000157356262,0.08498242497444153,0.9381999969482422,0.22057631611824036
4,0.9769999980926514,0.0691295713186264,0.9449999928474426,0.2120644599199295
0,0.9520000219345093,0.1515834629535675,0.9488000273704529,0.17268095910549164
1,0.9620000123977661,0.11367505043745041,0.9416999816894531,0.20040959119796753
2,0.972000002861023,0.0791274905204773,0.9506999850273132,0.18768566846847534
3,0.9769999980926514,0.06684143096208572,0.946399986743927,0.19806888699531555
4,0.9879999756813049,0.0492977611720562,0.942300021648407,0.21203471720218658
0,0.9620000123977661,0.12167073786258698,0.9462000131607056,0.1852082461118698
1,0.9580000042915344,0.11530501395463943,0.9506000280380249,0.17514736950397491
2,0.9739999771118164,0.07957243919372559,0.9495000243186951,0.18609435856342316
3,0.9819999933242798,0.05896208807826042,0.9503999948501587,0.19404613971710205
4,0.9890000224113464,0.03652021288871765,0.9506000280380249,0.19977203011512756
0,0.9620000123977661,0.11990305036306381,0.9476000070571899,0.18092221021652222
1,0.9589999914169312,0.10329517722129822,0.944599986076355,0.2013106346130371
2,0.9639999866485596,0.09566018730401993,0.9430999755859375,0.19684387743473053
3,0.984000027179718,0.0547134205698967,0.9466999769210815,0.20373113453388214
4,0.9890000224113464,0.04197623208165169,0.9516000151634216,0.19750189781188965
0,0.968999981880188,0.11374865472316742,0.9506000280380249,0.17853909730911255
1,0.9739999771118164,0.0893639400601387,0.948199987411499,0.19504855573177338
2,0.9829999804496765,0.06470639258623123,0.9544000029563904,0.1771799921989441
3,0.9909999966621399,0.047871969640254974,0.9474999904632568,0.2078666239976883
4,0.9890000224113464,0.040743011981248856,0.9465000033378601,0.20834670960903168
0,0.9700000286102295,0.11366638541221619,0.9580000042915344,0.1538017988204956
1,0.9779999852180481,0.06774353981018066,0.951200008392334,0.18334606289863586
2,0.9810000061988831,0.04829714074730873,0.9516000151634216,0.19006195664405823
3,0.9769999980926514,0.06636323779821396,0.9552000164985657,0.17408810555934906
4,0.9829999804496765,0.05033988133072853,0.9455000162124634,0.20670026540756226
0,0.9750000238418579,0.09498421847820282,0.9555000066757202,0.16228006780147552
1,0.9789999723434448,0.06263373792171478,0.9526000022888184,0.16948914527893066
2,0.9860000014305115,0.04554692283272743,0.9473999738693237,0.19810470938682556
3,0.9829999804496765,0.04492763429880142,0.9523000121116638,0.19216963648796082
4,0.9860000014305115,0.045724108815193176,0.9539999961853027,0.19096574187278748
0,0.9679999947547913,0.11386929452419281,0.9574000239372253,0.15276603400707245
1,0.9670000076293945,0.08090474456548691,0.9545999765396118,0.1755865067243576
2,0.9769999980926514,0.06115022674202919,0.9532999992370605,0.1819465160369873
3,0.9800000190734863,0.05202971026301384,0.9555000066757202,0.17903342843055725
4,0.9909999966621399,0.02758079022169113,0.9520999789237976,0.1945541650056839
0,0.9769999980926514,0.09556487202644348,0.9544000029563904,0.16595610976219177
1,0.9789999723434448,0.06208338961005211,0.9545999765396118,0.18056131899356842
2,0.9810000061988831,0.047248344868421555,0.9556999802589417,0.17105893790721893
3,0.9879999756813049,0.04324057325720787,0.9573000073432922,0.16795678436756134
4,0.9879999756813049,0.034278400242328644,0.9503999948501587,0.21499764919281006
0,0.9769999980926514,0.0818837508559227,0.9631999731063843,0.14302626252174377
1,0.9789999723434448,0.049225322902202606,0.9545000195503235,0.1725376844406128
2,0.9829999804496765,0.037974145263433456,0.9584000110626221,0.1758391410112381
3,0.9779999852180481,0.05518050864338875,0.9552000164985657,0.17054346203804016
4,0.9900000095367432,0.03180136904120445,0.9577000141143799,0.17562700808048248
0,0.9729999899864197,0.08055547624826431,0.9642999768257141,0.14042270183563232
1,0.9789999723434448,0.061464037746191025,0.958299994468689,0.17519797384738922
2,0.9869999885559082,0.04881347715854645,0.95660001039505,0.1791050285100937
3,0.9919999837875366,0.023066315799951553,0.9502999782562256,0.18982209265232086
4,0.9860000014305115,0.04112977162003517,0.951200008392334,0.19862037897109985
0,0.9769999980926514,0.07282575964927673,0.9528999924659729,0.18395589292049408
1,0.9729999899864197,0.06423752754926682,0.9528999924659729,0.1825612485408783
2,0.9850000143051147,0.047979507595300674,0.9535999894142151,0.17854253947734833
3,0.9890000224113464,0.033901017159223557,0.9557999968528748,0.18610328435897827
4,0.9869999885559082,0.025363024324178696,0.9559000134468079,0.1997608095407486
0,0.9710000157356262,0.08525241911411285,0.9592999815940857,0.15926940739154816
1,0.9789999723434448,0.0649804025888443,0.9595999717712402,0.1635914295911789
2,0.9919999837875366,0.03658084198832512,0.9574000239372253,0.17458736896514893
3,0.9810000061988831,0.04348359256982803,0.9560999870300293,0.18014737963676453
4,0.9929999709129333,0.01927575096487999,0.9577000141143799,0.1845053881406784
0,0.984000027179718,0.06033335253596306,0.9635000228881836,0.15398257970809937
1,0.9789999723434448,0.06758327782154083,0.9598000049591064,0.1664809137582779
2,0.9810000061988831,0.052790138870477676,0.9591000080108643,0.1716308891773224
3,0.9869999885559082,0.03480067849159241,0.9559000134468079,0.18703044950962067
4,0.9919999837875366,0.026507366448640823,0.9575999975204468,0.18986213207244873
0,0.9750000238418579,0.07557167112827301,0.965499997138977,0.13600490987300873
1,0.9959999918937683,0.02739928476512432,0.9643999934196472,0.14682801067829132
2,0.9879999756813049,0.028184425085783005,0.963100016117096,0.17196406424045563
3,0.9860000014305115,0.047230612486600876,0.9598000049591064,0.1715257465839386
4,0.9900000095367432,0.03547202795743942,0.953000009059906,0.1962309032678604
0,0.9760000109672546,0.07348161935806274,0.9639999866485596,0.1433287262916565
1,0.9819999933242798,0.050625719130039215,0.960099995136261,0.16101258993148804
2,0.9819999933242798,0.0542326346039772,0.9616000056266785,0.155552938580513
3,0.9980000257492065,0.01886928267776966,0.958299994468689,0.17364829778671265
4,0.9919999837875366,0.023571046069264412,0.9592999815940857,0.18040792644023895
0,0.9909999966621399,0.05269921198487282,0.9639999866485596,0.14082659780979156
1,0.984000027179718,0.04267199710011482,0.9627000093460083,0.1549103856086731
2,0.9850000143051147,0.04011662304401398,0.9560999870300293,0.18688009679317474
3,0.9819999933242798,0.040731366723775864,0.9610000252723694,0.16250233352184296
4,0.9909999966621399,0.02905832976102829,0.9613000154495239,0.16797363758087158
0,0.9810000061988831,0.06037949398159981,0.9643999934196472,0.13946984708309174
1,0.984000027179718,0.04682992026209831,0.9609000086784363,0.1564522385597229
2,0.9950000047683716,0.016665196046233177,0.963100016117096,0.1546373814344406
3,0.9879999756813049,0.038066573441028595,0.9645000100135803,0.1559951901435852
4,0.9959999918937683,0.021934736520051956,0.9599000215530396,0.1738114207983017
0,0.9769999980926514,0.07217688858509064,0.958299994468689,0.16080938279628754
1,0.9860000014305115,0.04663614556193352,0.9611999988555908,0.15711015462875366
2,0.9919999837875366,0.023416761308908463,0.9585999846458435,0.17775952816009521
3,0.9980000257492065,0.014219630509614944,0.9639999866485596,0.16420036554336548
4,0.9929999709129333,0.032324761152267456,0.9611999988555908,0.1693648248910904
0,0.9769999980926514,0.05935830995440483,0.9629999995231628,0.15223242342472076
1,0.9879999756813049,0.036250460892915726,0.9577999711036682,0.183964341878891
2,0.9869999885559082,0.03135932236909866,0.9639999866485596,0.16164009273052216
3,0.984000027179718,0.044776756316423416,0.9537000060081482,0.189100980758667
4,0.9890000224113464,0.032582201063632965,0.9599000215530396,0.17541088163852692
0,0.9789999723434448,0.05920647084712982,0.9645000100135803,0.14063240587711334
1,0.9890000224113464,0.033165186643600464,0.9628999829292297,0.16312430799007416
2,0.9929999709129333,0.022992629557847977,0.9625999927520752,0.16451573371887207
3,0.996999979019165,0.014282533898949623,0.9652000069618225,0.15702883899211884
4,0.9980000257492065,0.010159119963645935,0.9625999927520752,0.1724618375301361
0,0.9869999885559082,0.04316418245434761,0.96670001745224,0.13253122568130493
1,0.9900000095367432,0.03521043062210083,0.963100016117096,0.1569070816040039
2,0.9909999966621399,0.03282811865210533,0.9652000069618225,0.15086457133293152
3,0.9900000095367432,0.02312702126801014,0.965399980545044,0.15035036206245422
4,0.9940000176429749,0.022600224241614342,0.9609000086784363,0.15988071262836456
0,0.9879999756813049,0.043137338012456894,0.9645000100135803,0.14720416069030762
1,0.9919999837875366,0.027559228241443634,0.9609000086784363,0.17776928842067719
2,0.9929999709129333,0.03544270992279053,0.9628000259399414,0.1686277538537979
3,0.9819999933242798,0.04348621889948845,0.9570000171661377,0.1915101259946823
4,0.9890000224113464,0.037094149738550186,0.9613999724388123,0.16035424172878265
0,0.9829999804496765,0.04687032476067543,0.9685999751091003,0.13037040829658508
1,0.9890000224113464,0.03860815614461899,0.9628999829292297,0.15255127847194672
2,0.9950000047683716,0.03079463727772236,0.9613999724388123,0.16644103825092316
3,0.984000027179718,0.05479085445404053,0.9666000008583069,0.1414078027009964
4,0.9950000047683716,0.015765167772769928,0.9650999903678894,0.14199276268482208
0,0.9909999966621399,0.03648070991039276,0.9690999984741211,0.12781360745429993
1,0.9900000095367432,0.03702971711754799,0.9666000008583069,0.1468234360218048
2,0.9919999837875366,0.023447997868061066,0.9664999842643738,0.14429694414138794
3,0.9940000176429749,0.020759180188179016,0.9679999947547913,0.14367938041687012
4,0.9900000095367432,0.026648731902241707,0.9690999984741211,0.14376969635486603
0,0.9919999837875366,0.035843003541231155,0.965399980545044,0.14961875975131989
1,0.9869999885559082,0.04081090912222862,0.9599000215530396,0.17737461626529694
2,0.9929999709129333,0.025117766112089157,0.9624999761581421,0.1652703732252121
3,0.9940000176429749,0.021787038072943687,0.9677000045776367,0.15110626816749573
4,0.9919999837875366,0.01987161859869957,0.9664999842643738,0.15334218740463257
0,0.9829999804496765,0.04903983697295189,0.9684000015258789,0.12575991451740265
1,0.9860000014305115,0.037408940494060516,0.9661999940872192,0.14041215181350708
2,0.9890000224113464,0.030451718717813492,0.9670000076293945,0.15606378018856049
3,0.9950000047683716,0.020019760355353355,0.9648000001907349,0.15648317337036133
4,0.9959999918937683,0.014859222806990147,0.9628999829292297,0.1616026610136032
0,0.9890000224113464,0.050168685615062714,0.9696999788284302,0.12918519973754883
1,0.9879999756813049,0.02751636877655983,0.9682999849319458,0.1390305906534195
2,0.9900000095367432,0.024049684405326843,0.9682999849319458,0.13974812626838684
3,0.996999979019165,0.011858978308737278,0.9660000205039978,0.15539608895778656
4,0.996999979019165,0.010953964665532112,0.9660999774932861,0.1641005426645279
0,0.9860000014305115,0.041723985224962234,0.9700999855995178,0.12688831984996796
1,0.9940000176429749,0.022877024486660957,0.9700999855995178,0.13739171624183655
2,0.996999979019165,0.009602703154087067,0.9650999903678894,0.15768752992153168
3,0.9929999709129333,0.02415555901825428,0.9684000015258789,0.14842985570430756
4,0.9980000257492065,0.010920722968876362,0.9656000137329102,0.16102935373783112
0,0.9860000014305115,0.04325469583272934,0.9648000001907349,0.14889167249202728
1,0.9929999709129333,0.020783470943570137,0.965499997138977,0.16054794192314148
2,0.9940000176429749,0.024453740566968918,0.9678000211715698,0.15511992573738098
3,0.9929999709129333,0.018401267006993294,0.9681000113487244,0.1438017636537552
4,0.9940000176429749,0.021985799074172974,0.9660000205039978,0.15577170252799988
0,0.9890000224113464,0.04809952527284622,0.9681000113487244,0.12764641642570496
1,0.9940000176429749,0.01705068349838257,0.9675999879837036,0.13790008425712585
2,0.9900000095367432,0.031259335577487946,0.9666000008583069,0.14639535546302795
3,0.9900000095367432,0.026165610179305077,0.9671000242233276,0.14285659790039062
4,0.9940000176429749,0.021119941025972366,0.9660999774932861,0.15026919543743134
0,0.9890000224113464,0.03309294208884239,0.9710000157356262,0.11860708147287369
1,0.9909999966621399,0.025789406150579453,0.9632999897003174,0.16317293047904968
2,0.9900000095367432,0.02765871398150921,0.9639000296592712,0.16306865215301514
3,0.9900000095367432,0.025671299546957016,0.9661999940872192,0.14958271384239197
4,0.9900000095367432,0.026913778856396675,0.9678999781608582,0.13936753571033478
0,0.9879999756813049,0.027818752452731133,0.9715999960899353,0.12400316447019577
1,0.9919999837875366,0.029896890744566917,0.9700000286102295,0.12854649126529694
2,1.0,0.006357591599225998,0.970300018787384,0.1318962574005127
3,0.9900000095367432,0.01843792200088501,0.9697999954223633,0.13441741466522217
4,0.9959999918937683,0.011575369164347649,0.9699000120162964,0.13711950182914734
0,0.9890000224113464,0.022924527525901794,0.9745000004768372,0.1173287108540535
1,0.9980000257492065,0.01373208500444889,0.9704999923706055,0.1385570615530014
2,0.9909999966621399,0.017555369064211845,0.9645000100135803,0.16013067960739136
3,0.9909999966621399,0.02461244910955429,0.9649999737739563,0.15997391939163208
4,0.9879999756813049,0.02908545918762684,0.9603000283241272,0.18264369666576385
0,0.9929999709129333,0.02511993609368801,0.974399983882904,0.11992567032575607
1,0.9940000176429749,0.018417522311210632,0.9736999869346619,0.12213101983070374
2,0.996999979019165,0.00909995473921299,0.972000002861023,0.12767678499221802
3,0.9959999918937683,0.011017057113349438,0.9713000059127808,0.13540294766426086
4,0.996999979019165,0.010496249422430992,0.9714999794960022,0.14086005091667175
0,0.9929999709129333,0.020218197256326675,0.9732000231742859,0.11801663786172867
1,0.9980000257492065,0.008565498515963554,0.9728000164031982,0.12778456509113312
2,0.9950000047683716,0.009505962952971458,0.9699000120162964,0.1441957950592041
3,0.9990000128746033,0.006142114754766226,0.970300018787384,0.1388847380876541
4,0.9980000257492065,0.009300034493207932,0.972000002861023,0.1372622847557068
0,0.9950000047683716,0.016813334077596664,0.9746999740600586,0.11191589385271072
1,0.9909999966621399,0.021593714132905006,0.9674999713897705,0.14772266149520874
2,0.9909999966621399,0.022255416959524155,0.9682999849319458,0.15423451364040375
3,0.9959999918937683,0.012276540510356426,0.9690999984741211,0.14374400675296783
4,0.9959999918937683,0.01330095250159502,0.9689000248908997,0.15104728937149048
0,0.9890000224113464,0.025714827701449394,0.9718999862670898,0.12865741550922394
1,0.9929999709129333,0.019813479855656624,0.9682000279426575,0.14650481939315796
2,0.9929999709129333,0.02038079872727394,0.970300018787384,0.13800044357776642
3,0.9950000047683716,0.012621529400348663,0.9693999886512756,0.1369147151708603
4,0.9980000257492065,0.01041248720139265,0.9710999727249146,0.13938681781291962
0,0.9919999837875366,0.025406913831830025,0.9735999703407288,0.11080926656723022
1,0.9990000128746033,0.007258905563503504,0.9733999967575073,0.11626451462507248
2,0.996999979019165,0.01057449821382761,0.9732999801635742,0.11940185725688934
3,0.996999979019165,0.01222142018377781,0.9713000059127808,0.12810882925987244
4,0.9929999709129333,0.01845187321305275,0.9638000130653381,0.1730397492647171
0,0.9919999837875366,0.02261424995958805,0.9695000052452087,0.13985304534435272
1,0.9919999837875366,0.026812143623828888,0.9728000164031982,0.12022306025028229
2,0.9940000176429749,0.01860341802239418,0.9689000248908997,0.14755360782146454
3,0.9919999837875366,0.01561862975358963,0.9700000286102295,0.13600261509418488
4,0.996999979019165,0.011256764642894268,0.9710000157356262,0.12722188234329224
0,0.9940000176429749,0.02796808071434498,0.9728000164031982,0.11286883801221848
1,0.9950000047683716,0.022434581071138382,0.9735999703407288,0.11465983837842941
2,0.9980000257492065,0.007358188275247812,0.97079998254776,0.13996107876300812
3,0.9940000176429749,0.010977815836668015,0.9718999862670898,0.13503897190093994
4,0.9950000047683716,0.012619397602975368,0.9714999794960022,0.12332332879304886
0,0.6060000061988831,1.3476773500442505,0.8352000117301941,0.5655039548873901
1,0.8410000205039978,0.5145474076271057,0.8569999933242798,0.45259925723075867
2,0.8889999985694885,0.3518625795841217,0.8964999914169312,0.34384283423423767
3,0.9330000281333923,0.24242891371250153,0.9052000045776367,0.3093625605106354
4,0.9369999766349792,0.19260796904563904,0.9126999974250793,0.28605198860168457
0,0.593999981880188,1.3901922702789307,0.7886999845504761,0.646013617515564
1,0.8119999766349792,0.5777709484100342,0.8064000010490417,0.5767067670822144
2,0.8550000190734863,0.4720836877822876,0.8809999823570251,0.40619227290153503
3,0.8859999775886536,0.3363807797431946,0.892799973487854,0.37592169642448425
4,0.9110000133514404,0.3000096082687378,0.8913000226020813,0.3714761734008789
0,0.8769999742507935,0.3924544155597687,0.8776000142097473,0.40523582696914673
1,0.902999997138977,0.32187753915786743,0.8970999717712402,0.33697712421417236
2,0.9210000038146973,0.26098373532295227,0.9067000150680542,0.3097483515739441
3,0.9319999814033508,0.23463191092014313,0.8999000191688538,0.32933756709098816
4,0.9330000281333923,0.221250981092453,0.9056000113487244,0.3095226287841797
0,0.8999999761581421,0.2846255898475647,0.9121999740600586,0.29383382201194763
1,0.9160000085830688,0.25098684430122375,0.9171000123023987,0.27000921964645386
2,0.9449999928474426,0.19795720279216766,0.9147999882698059,0.2770597040653229
3,0.9459999799728394,0.16008707880973816,0.9211999773979187,0.2548562288284302
4,0.9549999833106995,0.1343814730644226,0.9172000288963318,0.2774386703968048
0,0.9269999861717224,0.2470351755619049,0.9099000096321106,0.2922091782093048
1,0.9300000071525574,0.212568461894989,0.923799991607666,0.24714936316013336
2,0.9440000057220459,0.17048673331737518,0.92330002784729,0.2571147680282593
3,0.9549999833106995,0.1398654282093048,0.9196000099182129,0.2786156237125397
4,0.9670000076293945,0.11347262561321259,0.9247999787330627,0.2583293616771698
0,0.9399999976158142,0.20585642755031586,0.9351000189781189,0.20707598328590393
1,0.9470000267028809,0.17949919402599335,0.9327999949455261,0.21021677553653717
2,0.9520000219345093,0.14425180852413177,0.9320999979972839,0.22939662635326385
3,0.9539999961853027,0.13434937596321106,0.9340000152587891,0.21557606756687164
4,0.9769999980926514,0.08574475347995758,0.9316999912261963,0.23349909484386444
0,0.9470000267028809,0.18809247016906738,0.9402999877929688,0.19323909282684326
1,0.9449999928474426,0.16479454934597015,0.9408000111579895,0.1962909698486328
2,0.9599999785423279,0.12740163505077362,0.9326000213623047,0.2272588610649109
3,0.9610000252723694,0.11034198850393295,0.9307000041007996,0.2360507845878601
4,0.9750000238418579,0.07506703585386276,0.9308000206947327,0.2548396587371826
0,0.9399999976158142,0.18334707617759705,0.9430000185966492,0.19468964636325836
1,0.9449999928474426,0.16209988296031952,0.9437999725341797,0.1851695328950882
2,0.972000002861023,0.08949515223503113,0.9423999786376953,0.19170330464839935
3,0.968999981880188,0.0854959785938263,0.9373000264167786,0.2177441418170929
4,0.9629999995231628,0.10102450102567673,0.9376000165939331,0.21296752989292145
0,0.953000009059906,0.15510255098342896,0.9448000192642212,0.18229569494724274
1,0.9599999785423279,0.14171206951141357,0.9453999996185303,0.1832520067691803
2,0.9599999785423279,0.11023856699466705,0.9401000142097473,0.19641177356243134
3,0.9739999771118164,0.07604990154504776,0.9379000067710876,0.21162782609462738
4,0.9779999852180481,0.07052988559007645,0.9386000037193298,0.21973440051078796
0,0.9509999752044678,0.1452888399362564,0.947700023651123,0.17412500083446503
1,0.9570000171661377,0.12515251338481903,0.9391000270843506,0.20717351138591766
2,0.968999981880188,0.09685187041759491,0.9455000162124634,0.1907559037208557
3,0.972000002861023,0.08005325496196747,0.9467999935150146,0.1886594593524933
4,0.9789999723434448,0.06485795229673386,0.9485999941825867,0.1877916008234024
0,0.953000009059906,0.15191473066806793,0.9491999745368958,0.17665089666843414
1,0.9559999704360962,0.13052669167518616,0.9415000081062317,0.19338612258434296
2,0.9610000252723694,0.10129744559526443,0.9498000144958496,0.17503130435943604
3,0.9819999933242798,0.056174226105213165,0.9508000016212463,0.18112564086914062
4,0.9829999804496765,0.05697411671280861,0.9474999904632568,0.19256152212619781
0,0.9580000042915344,0.1444350779056549,0.9521999955177307,0.16549021005630493
1,0.9679999947547913,0.09434886276721954,0.9496999979019165,0.17535103857517242
2,0.9800000190734863,0.07196700572967529,0.9470999836921692,0.17959800362586975
3,0.9829999804496765,0.05298305302858353,0.9508000016212463,0.18411380052566528
4,0.9900000095367432,0.04309527575969696,0.9485999941825867,0.18897399306297302
0,0.9570000171661377,0.11651452630758286,0.9523000121116638,0.1716116964817047
1,0.9679999947547913,0.08182383328676224,0.9527999758720398,0.17264556884765625
2,0.9810000061988831,0.05388182774186134,0.9458000063896179,0.19344797730445862
3,0.9789999723434448,0.059619639068841934,0.9474999904632568,0.19240134954452515
4,0.9879999756813049,0.03648439794778824,0.9524000287055969,0.1782989501953125
0,0.968999981880188,0.11390019953250885,0.9567000269889832,0.1579378843307495
1,0.9710000157356262,0.08973781019449234,0.949400007724762,0.17887072265148163
2,0.9829999804496765,0.06178418546915054,0.9505000114440918,0.18201671540737152
3,0.984000027179718,0.04626144468784332,0.9516000151634216,0.17975184321403503
4,0.9879999756813049,0.03282587230205536,0.954800009727478,0.17808623611927032
0,0.9679999947547913,0.10132239013910294,0.9545000195503235,0.1595945507287979
1,0.9819999933242798,0.06735814362764359,0.9541000127792358,0.1705029010772705
2,0.9810000061988831,0.06301676481962204,0.9520999789237976,0.1789315938949585
3,0.984000027179718,0.04377131164073944,0.9483000040054321,0.1970498263835907
4,0.9850000143051147,0.04985282942652702,0.9465000033378601,0.210755854845047
0,0.972000002861023,0.09595349431037903,0.9541000127792358,0.16336606442928314
1,0.9739999771118164,0.07163707911968231,0.9498000144958496,0.1779855638742447
2,0.9739999771118164,0.07475001364946365,0.9527999758720398,0.16830720007419586
3,0.9869999885559082,0.041937075555324554,0.9534000158309937,0.17338889837265015
4,0.9929999709129333,0.029294323176145554,0.9462000131607056,0.20901641249656677
0,0.968999981880188,0.08718812465667725,0.957099974155426,0.1525591015815735
1,0.9739999771118164,0.07742869853973389,0.9552000164985657,0.16207990050315857
2,0.9800000190734863,0.060968510806560516,0.9496999979019165,0.19152218103408813
3,0.9879999756813049,0.03233166038990021,0.9585999846458435,0.17083844542503357
4,0.9919999837875366,0.025255687534809113,0.9578999876976013,0.1739426553249359
0,0.9729999899864197,0.08550246059894562,0.9570000171661377,0.15746794641017914
1,0.972000002861023,0.0706261470913887,0.9577000141143799,0.1669323444366455
2,0.9819999933242798,0.046210773289203644,0.9571999907493591,0.16038359701633453
3,0.984000027179718,0.04677734524011612,0.9560999870300293,0.16750746965408325
4,0.9810000061988831,0.045824456959962845,0.9538999795913696,0.1812695860862732
0,0.972000002861023,0.09447745233774185,0.9607999920845032,0.14425309002399445
1,0.9829999804496765,0.05938950181007385,0.9549000263214111,0.16563135385513306
2,0.9860000014305115,0.04661130532622337,0.9591000080108643,0.1547229140996933
3,0.9860000014305115,0.03637028485536575,0.9560999870300293,0.1694425344467163
4,0.9940000176429749,0.028529034927487373,0.9520000219345093,0.1881018728017807
0,0.9710000157356262,0.10790365934371948,0.9595000147819519,0.14279909431934357
1,0.9800000190734863,0.05615958943963051,0.9539999961853027,0.16270220279693604
2,0.9800000190734863,0.05124751478433609,0.9556999802589417,0.16730722784996033
3,0.9860000014305115,0.041849877685308456,0.9556000232696533,0.1673661470413208
4,0.9900000095367432,0.027316449210047722,0.9535999894142151,0.18740342557430267
0,0.9739999771118164,0.06490463763475418,0.9585000276565552,0.15439669787883759
1,0.984000027179718,0.05038061365485191,0.9610999822616577,0.14977335929870605
2,0.9890000224113464,0.041436802595853806,0.9573000073432922,0.1756383776664734
3,0.9929999709129333,0.022647414356470108,0.9609000086784363,0.16340823471546173
4,0.9909999966621399,0.030320990830659866,0.9613999724388123,0.1648908257484436
0,0.9729999899864197,0.07918082922697067,0.9593999981880188,0.14438170194625854
1,0.9779999852180481,0.053812768310308456,0.9591000080108643,0.15671589970588684
2,0.9860000014305115,0.03505915403366089,0.9610000252723694,0.14931757748126984
3,0.9950000047683716,0.0263950414955616,0.957099974155426,0.17775188386440277
4,0.9909999966621399,0.02380278892815113,0.9598000049591064,0.1702127307653427
0,0.9750000238418579,0.07889794558286667,0.9638000130653381,0.1284409910440445
1,0.9779999852180481,0.06053042784333229,0.9624999761581421,0.14119911193847656
2,0.9879999756813049,0.036728259176015854,0.9575999975204468,0.16600707173347473
3,0.9929999709129333,0.025363560765981674,0.9628000259399414,0.14967603981494904
4,0.9929999709129333,0.022097721695899963,0.9592999815940857,0.16990543901920319
0,0.9819999933242798,0.07189470529556274,0.9652000069618225,0.1391737163066864
1,0.9890000224113464,0.03561784699559212,0.9592999815940857,0.1579679250717163
2,0.9909999966621399,0.03054261952638626,0.9617000222206116,0.151998832821846
3,0.9950000047683716,0.01611209101974964,0.9617000222206116,0.15416207909584045
4,0.9900000095367432,0.030830975621938705,0.9613000154495239,0.15700361132621765
0,0.9800000190734863,0.058891214430332184,0.9605000019073486,0.1472230702638626
1,0.9869999885559082,0.0420868843793869,0.9625999927520752,0.14508147537708282
2,0.9850000143051147,0.033871669322252274,0.9614999890327454,0.14679160714149475
3,0.9919999837875366,0.029235588386654854,0.9621000289916992,0.14984624087810516
4,0.9940000176429749,0.01707787998020649,0.961899995803833,0.16046757996082306
0,0.9829999804496765,0.061804406344890594,0.9577999711036682,0.16086113452911377
1,0.9760000109672546,0.06085890159010887,0.9646000266075134,0.13787426054477692
2,0.9900000095367432,0.033260442316532135,0.9614999890327454,0.149617001414299
3,0.9909999966621399,0.024645306169986725,0.963699996471405,0.14486578106880188
4,0.9980000257492065,0.009870987385511398,0.9635000228881836,0.15220460295677185
0,0.9900000095367432,0.052167702466249466,0.965399980545044,0.13097916543483734
1,0.9909999966621399,0.028581205755472183,0.9617000222206116,0.1515890210866928
2,0.9879999756813049,0.039120033383369446,0.9593999981880188,0.16516143083572388
3,0.9919999837875366,0.0258417297154665,0.9588000178337097,0.15961407124996185
4,0.9940000176429749,0.0190803874284029,0.9621999859809875,0.15401960909366608
0,0.9819999933242798,0.06960509717464447,0.960099995136261,0.14401249587535858
1,0.9890000224113464,0.03761392831802368,0.9577999711036682,0.16696049273014069
2,0.9869999885559082,0.034950289875268936,0.9571999907493591,0.16773542761802673
3,0.9919999837875366,0.021037237718701363,0.9606000185012817,0.1632101982831955
4,0.9950000047683716,0.01570972613990307,0.9649999737739563,0.14363020658493042
0,0.9810000061988831,0.0533871166408062,0.9639000296592712,0.13939322531223297
1,0.9929999709129333,0.025432411581277847,0.9677000045776367,0.12976691126823425
2,0.9929999709129333,0.027085857465863228,0.9652000069618225,0.14712196588516235
3,0.9940000176429749,0.022354045882821083,0.9646000266075134,0.14385487139225006
4,0.9909999966621399,0.018488973379135132,0.9664000272750854,0.1412534862756729
0,0.9860000014305115,0.04632123187184334,0.9688000082969666,0.12887369096279144
1,0.9860000014305115,0.03886357694864273,0.9660999774932861,0.13033883273601532
2,0.9879999756813049,0.028211750090122223,0.9628999829292297,0.14299437403678894
3,0.9900000095367432,0.02772422321140766,0.964900016784668,0.14658509194850922
4,0.9929999709129333,0.020311158150434494,0.9639999866485596,0.14517788589000702
0,0.9860000014305115,0.04470546171069145,0.9642999768257141,0.13663272559642792
1,0.9879999756813049,0.04697757586836815,0.9629999995231628,0.13944664597511292
2,0.9909999966621399,0.029589151963591576,0.9629999995231628,0.15091533958911896
3,0.9909999966621399,0.02760377712547779,0.9625999927520752,0.1520516574382782
4,0.9919999837875366,0.027782732620835304,0.9605000019073486,0.16610629856586456
0,0.9860000014305115,0.05225398764014244,0.9675999879837036,0.1272536814212799
1,0.9919999837875366,0.0302716214209795,0.9659000039100647,0.13586017489433289
2,0.9950000047683716,0.01809447817504406,0.9685999751091003,0.1328321099281311
3,0.9980000257492065,0.013413693755865097,0.9661999940872192,0.14309892058372498
4,0.996999979019165,0.017706848680973053,0.9645000100135803,0.1443125307559967
0,0.9869999885559082,0.048323921859264374,0.9656000137329102,0.1348060965538025
1,0.9869999885559082,0.042532049119472504,0.9634000062942505,0.14033806324005127
2,0.9950000047683716,0.01713765785098076,0.9652000069618225,0.13800784945487976
3,0.9940000176429749,0.014767652377486229,0.963100016117096,0.14758771657943726
4,0.9980000257492065,0.010278969071805477,0.9642999768257141,0.15384221076965332
0,0.984000027179718,0.044882290065288544,0.9672999978065491,0.12464141845703125
1,0.9919999837875366,0.0429704524576664,0.9656000137329102,0.12750329077243805
2,0.9900000095367432,0.029097680002450943,0.9667999744415283,0.13157302141189575
3,0.9950000047683716,0.018512528389692307,0.9652000069618225,0.13592864573001862
4,0.9950000047683716,0.015213686972856522,0.9666000008583069,0.12989526987075806
0,0.984000027179718,0.0458306148648262,0.9629999995231628,0.1412658393383026
1,0.9940000176429749,0.021679848432540894,0.9659000039100647,0.13733331859111786
2,0.9929999709129333,0.019131017848849297,0.9677000045776367,0.13670602440834045
3,0.9950000047683716,0.01614370383322239,0.9646000266075134,0.1492987722158432
4,0.9950000047683716,0.019817905500531197,0.9563000202178955,0.180350661277771
0,0.9810000061988831,0.04255799204111099,0.9671000242233276,0.12982165813446045
1,0.9919999837875366,0.031611088663339615,0.9646999835968018,0.13788647949695587
2,0.9879999756813049,0.03421672433614731,0.9674999713897705,0.13206355273723602
3,0.9959999918937683,0.013233733363449574,0.967199981212616,0.130849689245224
4,0.9980000257492065,0.01054402906447649,0.9688000082969666,0.13319131731987
0,0.9860000014305115,0.038460973650217056,0.9681000113487244,0.13196413218975067
1,0.9940000176429749,0.02454019896686077,0.9645000100135803,0.1486143320798874
2,0.9950000047683716,0.018348608165979385,0.9681000113487244,0.14231227338314056
3,0.9940000176429749,0.018661800771951675,0.9656000137329102,0.1495824009180069
4,0.9929999709129333,0.02033814787864685,0.963699996471405,0.15143750607967377
0,0.9879999756813049,0.033070556819438934,0.9627000093460083,0.14367395639419556
1,0.9909999966621399,0.028778089210391045,0.9648000001907349,0.13947515189647675
2,0.9950000047683716,0.01981584168970585,0.9667999744415283,0.1434335857629776
3,0.9980000257492065,0.009907945990562439,0.9682000279426575,0.14366288483142853
4,0.9879999756813049,0.025778764858841896,0.9682999849319458,0.13318072259426117
0,0.9890000224113464,0.03367776796221733,0.9689000248908997,0.12213943153619766
1,0.9959999918937683,0.01519817765802145,0.9595000147819519,0.16865026950836182
2,0.9919999837875366,0.026994695886969566,0.9613000154495239,0.16353824734687805
3,0.9919999837875366,0.01931919902563095,0.9664999842643738,0.14295022189617157
4,0.9950000047683716,0.016882723197340965,0.963100016117096,0.16088776290416718
0,0.9909999966621399,0.028140069916844368,0.9685999751091003,0.12858188152313232
1,0.9929999709129333,0.016350260004401207,0.9675999879837036,0.13343295454978943
2,0.9929999709129333,0.016545481979846954,0.9664000272750854,0.13986898958683014
3,0.9940000176429749,0.017272984609007835,0.9663000106811523,0.14356309175491333
4,0.9919999837875366,0.017134442925453186,0.9664999842643738,0.1337314397096634
0,0.9940000176429749,0.027874428778886795,0.9718999862670898,0.11698835343122482
1,0.9959999918937683,0.0136851966381073,0.9700000286102295,0.1272541731595993
2,0.9980000257492065,0.011511399410665035,0.9692000150680542,0.13592985272407532
3,0.9959999918937683,0.010649994015693665,0.9660999774932861,0.15136098861694336
4,0.996999979019165,0.013663087971508503,0.9696000218391418,0.14271202683448792
0,0.9890000224113464,0.03785308822989464,0.9688000082969666,0.11555934697389603
1,0.9950000047683716,0.01716332882642746,0.9672999978065491,0.132341206073761
2,0.9950000047683716,0.014768974855542183,0.9682999849319458,0.12806378304958344
3,0.996999979019165,0.012470747344195843,0.9677000045776367,0.13324403762817383
4,0.9959999918937683,0.013695918023586273,0.9664000272750854,0.13967493176460266
0,0.9890000224113464,0.024859687313437462,0.9692000150680542,0.12111419439315796
1,0.9959999918937683,0.012012519873678684,0.9703999757766724,0.1264568716287613
2,0.9950000047683716,0.01920873112976551,0.9639999866485596,0.16435177624225616
3,0.996999979019165,0.009366832673549652,0.9677000045776367,0.14788730442523956
4,0.9959999918937683,0.01056258101016283,0.9663000106811523,0.15012237429618835
0,0.9909999966621399,0.02091914601624012,0.9706000089645386,0.12154825776815414
1,0.9919999837875366,0.021352028474211693,0.967199981212616,0.14165465533733368
2,0.9959999918937683,0.016307974234223366,0.970300018787384,0.1325986683368683
3,0.996999979019165,0.011959020979702473,0.9682999849319458,0.1327594518661499
4,0.996999979019165,0.011854682117700577,0.9656999707221985,0.1584557294845581
0,0.9940000176429749,0.024649815633893013,0.9685999751091003,0.12688639760017395
1,0.9940000176429749,0.01998859830200672,0.9692999720573425,0.12665817141532898
2,0.9940000176429749,0.019512111321091652,0.9688000082969666,0.13766689598560333
3,0.9940000176429749,0.02480427734553814,0.9688000082969666,0.12735015153884888
4,0.9950000047683716,0.01448246743530035,0.968500018119812,0.13033372163772583
0,0.9909999966621399,0.023541871458292007,0.9688000082969666,0.13004936277866364
1,0.9980000257492065,0.008404836989939213,0.972000002861023,0.12192460894584656
2,0.9950000047683716,0.014085594564676285,0.9692000150680542,0.13395699858665466
3,0.996999979019165,0.019956137984991074,0.9642000198364258,0.14485859870910645
4,0.996999979019165,0.01323637180030346,0.9642000198364258,0.14883537590503693
0,0.9929999709129333,0.026126094162464142,0.9722999930381775,0.1193583756685257
1,0.9959999918937683,0.012630173936486244,0.9713000059127808,0.12928029894828796
2,0.996999979019165,0.00826563872396946,0.9677000045776367,0.14705593883991241
3,0.996999979019165,0.011983631178736687,0.9702000021934509,0.13634948432445526
4,0.9959999918937683,0.008382759056985378,0.9708999991416931,0.12890343368053436
0,0.9900000095367432,0.019363122060894966,0.9707000255584717,0.12460625171661377
1,0.9929999709129333,0.01733526960015297,0.9677000045776367,0.12997163832187653
2,0.9950000047683716,0.013483247719705105,0.9722999930381775,0.11841889470815659
3,0.996999979019165,0.012113634496927261,0.9702000021934509,0.12712863087654114
4,0.9959999918937683,0.0134564358741045,0.9713000059127808,0.12467178702354431
0,0.9950000047683716,0.015689658001065254,0.9715999960899353,0.1223205178976059
1,0.9929999709129333,0.020821239799261093,0.970300018787384,0.13138195872306824
2,0.9990000128746033,0.0071322559379041195,0.9711999893188477,0.13302679359912872
3,0.9940000176429749,0.0184330977499485,0.9707000255584717,0.13636000454425812
4,0.9950000047683716,0.012350248172879219,0.9706000089645386,0.12747807800769806
0,0.9950000047683716,0.012611228041350842,0.9728000164031982,0.12149814516305923
1,0.9959999918937683,0.010727758519351482,0.9710000157356262,0.12825724482536316
2,0.9950000047683716,0.010733477771282196,0.97079998254776,0.1293213814496994
3,0.9990000128746033,0.005163471680134535,0.970300018787384,0.13515371084213257
4,0.996999979019165,0.013120940886437893,0.970300018787384,0.1342519223690033
